3 	 5.000000e+00 	 5.000000e+00 	 0.000000e+00
3 	 4.808619e+00 	 5.822064e+00 	 5.005862e-01
3 	 4.805780e+00 	 5.755064e+00 	 1.000473e+00
3 	 4.832856e+00 	 5.784416e+00 	 1.500360e+00
3 	 4.833326e+00 	 5.779054e+00 	 2.000247e+00
3 	 4.833912e+00 	 5.780152e+00 	 2.500134e+00
3 	 4.836377e+00 	 5.776379e+00 	 3.000021e+00
3 	 4.845345e+00 	 5.779134e+00 	 3.500607e+00
3 	 4.844631e+00 	 5.777243e+00 	 4.000494e+00
3 	 4.843023e+00 	 5.780131e+00 	 4.500381e+00
3 	 4.846919e+00 	 5.778098e+00 	 5.000268e+00
3 	 4.855804e+00 	 5.777406e+00 	 5.500155e+00
3 	 4.838092e+00 	 5.783252e+00 	 6.000043e+00
3 	 4.843041e+00 	 5.777815e+00 	 6.500629e+00
3 	 4.842952e+00 	 5.781139e+00 	 7.000516e+00
3 	 4.837958e+00 	 5.781460e+00 	 7.500403e+00
3 	 4.836804e+00 	 5.777251e+00 	 8.000290e+00
3 	 4.849555e+00 	 5.774306e+00 	 8.500177e+00
3 	 4.838446e+00 	 5.778575e+00 	 9.000064e+00
3 	 4.842671e+00 	 5.781914e+00 	 9.500650e+00
3 	 4.839493e+00 	 5.780203e+00 	 1.000054e+01
