11 	 5.000000e+00 	 5.000000e+00 	 0.000000e+00
11 	 5.000000e+00 	 5.000000e+00 	 0.000000e+00
11 	 5.000000e+00 	 5.000000e+00 	 0.000000e+00
11 	 5.000000e+00 	 5.000000e+00 	 0.000000e+00
11 	 5.000000e+00 	 5.000000e+00 	 5.000026e-01
11 	 4.954180e+00 	 5.081048e+00 	 5.000026e-01
11 	 4.921657e+00 	 5.176396e+00 	 5.000026e-01
11 	 4.980382e+00 	 5.016870e+00 	 5.000026e-01
11 	 5.000000e+00 	 5.000000e+00 	 1.000005e+00
11 	 4.988630e+00 	 5.031681e+00 	 1.000005e+00
11 	 4.958791e+00 	 5.071030e+00 	 1.000005e+00
11 	 4.929437e+00 	 5.169433e+00 	 1.000005e+00
11 	 5.000000e+00 	 5.000000e+00 	 1.500008e+00
11 	 4.991754e+00 	 5.024351e+00 	 1.500008e+00
11 	 4.931193e+00 	 5.171818e+00 	 1.500008e+00
11 	 4.958618e+00 	 5.072402e+00 	 1.500008e+00
11 	 5.000000e+00 	 5.000000e+00 	 2.000010e+00
11 	 4.957813e+00 	 5.072827e+00 	 2.000010e+00
11 	 4.989416e+00 	 5.022668e+00 	 2.000010e+00
11 	 4.933350e+00 	 5.165683e+00 	 2.000010e+00
11 	 5.000000e+00 	 5.000000e+00 	 2.500013e+00
11 	 4.958372e+00 	 5.072264e+00 	 2.500013e+00
11 	 4.932668e+00 	 5.167361e+00 	 2.500013e+00
11 	 4.990319e+00 	 5.023318e+00 	 2.500013e+00
11 	 5.000000e+00 	 5.000000e+00 	 3.000015e+00
11 	 4.958486e+00 	 5.073017e+00 	 3.000015e+00
11 	 4.989866e+00 	 5.021688e+00 	 3.000015e+00
11 	 4.931180e+00 	 5.169031e+00 	 3.000015e+00
11 	 5.000000e+00 	 5.000000e+00 	 3.500018e+00
11 	 4.958298e+00 	 5.072501e+00 	 3.500018e+00
11 	 4.930969e+00 	 5.169809e+00 	 3.500018e+00
11 	 4.991034e+00 	 5.021559e+00 	 3.500018e+00
11 	 5.000000e+00 	 5.000000e+00 	 4.000021e+00
11 	 4.990459e+00 	 5.021109e+00 	 4.000021e+00
11 	 4.932279e+00 	 5.170055e+00 	 4.000021e+00
11 	 4.957043e+00 	 5.075265e+00 	 4.000021e+00
11 	 5.000000e+00 	 5.000000e+00 	 4.500023e+00
11 	 4.932229e+00 	 5.167868e+00 	 4.500023e+00
11 	 4.990202e+00 	 5.022708e+00 	 4.500023e+00
11 	 4.957698e+00 	 5.073750e+00 	 4.500023e+00
11 	 5.000000e+00 	 5.000000e+00 	 5.000026e+00
11 	 4.989981e+00 	 5.025248e+00 	 5.000026e+00
11 	 4.930535e+00 	 5.171762e+00 	 5.000026e+00
11 	 4.957527e+00 	 5.073862e+00 	 5.000026e+00
11 	 5.000000e+00 	 5.000000e+00 	 5.500028e+00
11 	 4.957312e+00 	 5.074042e+00 	 5.500028e+00
11 	 4.989560e+00 	 5.022382e+00 	 5.500028e+00
11 	 4.930232e+00 	 5.170701e+00 	 5.500028e+00
11 	 5.000000e+00 	 5.000000e+00 	 6.000031e+00
11 	 4.956540e+00 	 5.075537e+00 	 6.000031e+00
11 	 4.985149e+00 	 5.022509e+00 	 6.000031e+00
11 	 4.931420e+00 	 5.169786e+00 	 6.000031e+00
11 	 5.000000e+00 	 5.000000e+00 	 6.500034e+00
11 	 4.958058e+00 	 5.072447e+00 	 6.500034e+00
11 	 4.990081e+00 	 5.022366e+00 	 6.500034e+00
11 	 4.931204e+00 	 5.169766e+00 	 6.500034e+00
11 	 5.000000e+00 	 5.000000e+00 	 7.000036e+00
11 	 4.957787e+00 	 5.074662e+00 	 7.000036e+00
11 	 4.985752e+00 	 5.022800e+00 	 7.000036e+00
11 	 4.931206e+00 	 5.170448e+00 	 7.000036e+00
11 	 5.000000e+00 	 5.000000e+00 	 7.500039e+00
11 	 4.990001e+00 	 5.024484e+00 	 7.500039e+00
11 	 4.929482e+00 	 5.172694e+00 	 7.500039e+00
11 	 4.957847e+00 	 5.073330e+00 	 7.500039e+00
11 	 5.000000e+00 	 5.000000e+00 	 8.000041e+00
11 	 4.989732e+00 	 5.020814e+00 	 8.000041e+00
11 	 4.958628e+00 	 5.072329e+00 	 8.000041e+00
11 	 4.930879e+00 	 5.169131e+00 	 8.000041e+00
11 	 5.000000e+00 	 5.000000e+00 	 8.500044e+00
11 	 4.957797e+00 	 5.073708e+00 	 8.500044e+00
11 	 4.991965e+00 	 5.023488e+00 	 8.500044e+00
11 	 4.930220e+00 	 5.172334e+00 	 8.500044e+00
11 	 5.000000e+00 	 5.000000e+00 	 9.000046e+00
11 	 4.991636e+00 	 5.024558e+00 	 9.000046e+00
11 	 4.958078e+00 	 5.074174e+00 	 9.000046e+00
11 	 4.930442e+00 	 5.172191e+00 	 9.000046e+00
11 	 5.000000e+00 	 5.000000e+00 	 9.500049e+00
11 	 4.957286e+00 	 5.074760e+00 	 9.500049e+00
11 	 4.990665e+00 	 5.026509e+00 	 9.500049e+00
11 	 4.930128e+00 	 5.169842e+00 	 9.500049e+00
11 	 5.000000e+00 	 5.000000e+00 	 1.000005e+01
11 	 4.990654e+00 	 5.022167e+00 	 1.000005e+01
11 	 4.958884e+00 	 5.072660e+00 	 1.000005e+01
11 	 4.932056e+00 	 5.168351e+00 	 1.000005e+01
