2 	 5.000000e+00 	 5.000000e+00 	 0.000000e+00
2 	 4.865736e+00 	 6.434374e+00 	 5.002366e-01
2 	 4.656759e+00 	 6.072351e+00 	 1.000473e+00
2 	 4.766916e+00 	 6.189646e+00 	 1.500710e+00
2 	 4.766989e+00 	 6.188852e+00 	 2.000946e+00
2 	 4.783875e+00 	 6.191239e+00 	 2.501183e+00
2 	 4.785886e+00 	 6.192709e+00 	 3.001420e+00
2 	 4.782337e+00 	 6.189679e+00 	 3.500083e+00
2 	 4.775042e+00 	 6.188607e+00 	 4.000320e+00
2 	 4.795502e+00 	 6.191655e+00 	 4.500556e+00
2 	 4.787143e+00 	 6.192145e+00 	 5.000793e+00
2 	 4.783793e+00 	 6.190586e+00 	 5.501029e+00
2 	 4.786126e+00 	 6.189346e+00 	 6.001266e+00
2 	 4.793373e+00 	 6.193280e+00 	 6.501503e+00
2 	 4.780623e+00 	 6.192276e+00 	 7.000166e+00
2 	 4.778165e+00 	 6.191424e+00 	 7.500403e+00
2 	 4.778763e+00 	 6.195561e+00 	 8.000639e+00
2 	 4.776371e+00 	 6.188421e+00 	 8.500876e+00
2 	 4.789863e+00 	 6.192483e+00 	 9.001112e+00
2 	 4.778568e+00 	 6.190636e+00 	 9.501349e+00
2 	 4.790627e+00 	 6.189915e+00 	 1.000001e+01
