7 	 5.000000e+00 	 5.000000e+00 	 0.000000e+00
7 	 4.877144e+00 	 5.313346e+00 	 5.000440e-01
7 	 4.897468e+00 	 5.300777e+00 	 1.000088e+00
7 	 4.902541e+00 	 5.298998e+00 	 1.500003e+00
7 	 4.898454e+00 	 5.305330e+00 	 2.000047e+00
7 	 4.901075e+00 	 5.302535e+00 	 2.500091e+00
7 	 4.899417e+00 	 5.300856e+00 	 3.000007e+00
7 	 4.901486e+00 	 5.301633e+00 	 3.500051e+00
7 	 4.901895e+00 	 5.299217e+00 	 4.000095e+00
7 	 4.902018e+00 	 5.302771e+00 	 4.500010e+00
7 	 4.898389e+00 	 5.307131e+00 	 5.000054e+00
7 	 4.900379e+00 	 5.304623e+00 	 5.500098e+00
7 	 4.898741e+00 	 5.305482e+00 	 6.000014e+00
7 	 4.901238e+00 	 5.303798e+00 	 6.500058e+00
7 	 4.899927e+00 	 5.304356e+00 	 7.000102e+00
7 	 4.896033e+00 	 5.309699e+00 	 7.500017e+00
7 	 4.898823e+00 	 5.306752e+00 	 8.000061e+00
7 	 4.899416e+00 	 5.304726e+00 	 8.500105e+00
7 	 4.899783e+00 	 5.306610e+00 	 9.000021e+00
7 	 4.899941e+00 	 5.305805e+00 	 9.500065e+00
7 	 4.900079e+00 	 5.302945e+00 	 1.000011e+01
