6 	 5.000000e+00 	 5.000000e+00 	 0.000000e+00
6 	 4.854707e+00 	 5.376361e+00 	 5.000618e-01
6 	 4.885202e+00 	 5.362287e+00 	 1.000124e+00
6 	 4.888560e+00 	 5.366402e+00 	 1.500011e+00
6 	 4.888953e+00 	 5.360506e+00 	 2.000072e+00
6 	 4.888222e+00 	 5.367190e+00 	 2.500134e+00
6 	 4.889833e+00 	 5.363182e+00 	 3.000021e+00
6 	 4.888420e+00 	 5.367848e+00 	 3.500083e+00
6 	 4.891202e+00 	 5.362504e+00 	 4.000145e+00
6 	 4.886655e+00 	 5.365695e+00 	 4.500032e+00
6 	 4.887670e+00 	 5.369347e+00 	 5.000094e+00
6 	 4.888984e+00 	 5.362647e+00 	 5.500155e+00
6 	 4.885729e+00 	 5.371017e+00 	 6.000043e+00
6 	 4.886821e+00 	 5.368704e+00 	 6.500104e+00
6 	 4.886501e+00 	 5.374037e+00 	 7.000166e+00
6 	 4.887569e+00 	 5.370047e+00 	 7.500053e+00
6 	 4.889580e+00 	 5.367446e+00 	 8.000115e+00
6 	 4.886481e+00 	 5.372241e+00 	 8.500002e+00
6 	 4.887419e+00 	 5.368349e+00 	 9.000064e+00
6 	 4.887164e+00 	 5.366719e+00 	 9.500126e+00
6 	 4.888325e+00 	 5.366642e+00 	 1.000001e+01
