13 	 5.000000e+00 	 5.000000e+00 	 0.000000e+00
13 	 5.000000e+00 	 5.000000e+00 	 0.000000e+00
13 	 5.000000e+00 	 5.000000e+00 	 0.000000e+00
13 	 5.000000e+00 	 5.000000e+00 	 0.000000e+00
13 	 5.000000e+00 	 5.000000e+00 	 5.000318e-01
13 	 4.962693e+00 	 5.066502e+00 	 5.000318e-01
13 	 4.987713e+00 	 5.017662e+00 	 5.000318e-01
13 	 4.936004e+00 	 5.139185e+00 	 5.000318e-01
13 	 5.000000e+00 	 5.000000e+00 	 1.000026e+00
13 	 4.990107e+00 	 5.017893e+00 	 1.000026e+00
13 	 4.965204e+00 	 5.057759e+00 	 1.000026e+00
13 	 4.942878e+00 	 5.132457e+00 	 1.000026e+00
13 	 5.000000e+00 	 5.000000e+00 	 1.500021e+00
13 	 4.992083e+00 	 5.016284e+00 	 1.500021e+00
13 	 4.966236e+00 	 5.059232e+00 	 1.500021e+00
13 	 4.941971e+00 	 5.136050e+00 	 1.500021e+00
13 	 5.000000e+00 	 5.000000e+00 	 2.000016e+00
13 	 4.966866e+00 	 5.057294e+00 	 2.000016e+00
13 	 4.994667e+00 	 5.016433e+00 	 2.000016e+00
13 	 4.943646e+00 	 5.129186e+00 	 2.000016e+00
13 	 5.000000e+00 	 5.000000e+00 	 2.500010e+00
13 	 4.992939e+00 	 5.019085e+00 	 2.500010e+00
13 	 4.964930e+00 	 5.058757e+00 	 2.500010e+00
13 	 4.940315e+00 	 5.137110e+00 	 2.500010e+00
13 	 5.000000e+00 	 5.000000e+00 	 3.000005e+00
13 	 4.964509e+00 	 5.062552e+00 	 3.000005e+00
13 	 4.992462e+00 	 5.018949e+00 	 3.000005e+00
13 	 4.943433e+00 	 5.129534e+00 	 3.000005e+00
13 	 5.000000e+00 	 5.000000e+00 	 3.500037e+00
13 	 4.991657e+00 	 5.016542e+00 	 3.500037e+00
13 	 4.965879e+00 	 5.057238e+00 	 3.500037e+00
13 	 4.941265e+00 	 5.135622e+00 	 3.500037e+00
13 	 5.000000e+00 	 5.000000e+00 	 4.000031e+00
13 	 4.964670e+00 	 5.059212e+00 	 4.000031e+00
13 	 4.994230e+00 	 5.017971e+00 	 4.000031e+00
13 	 4.941579e+00 	 5.133772e+00 	 4.000031e+00
13 	 5.000000e+00 	 5.000000e+00 	 4.500026e+00
13 	 4.942373e+00 	 5.133278e+00 	 4.500026e+00
13 	 4.965109e+00 	 5.058645e+00 	 4.500026e+00
13 	 4.993304e+00 	 5.016752e+00 	 4.500026e+00
13 	 5.000000e+00 	 5.000000e+00 	 5.000020e+00
13 	 4.992661e+00 	 5.018087e+00 	 5.000020e+00
13 	 4.964198e+00 	 5.059503e+00 	 5.000020e+00
13 	 4.942325e+00 	 5.132480e+00 	 5.000020e+00
13 	 5.000000e+00 	 5.000000e+00 	 5.500015e+00
13 	 4.962847e+00 	 5.062721e+00 	 5.500015e+00
13 	 4.990617e+00 	 5.020294e+00 	 5.500015e+00
13 	 4.941515e+00 	 5.135821e+00 	 5.500015e+00
13 	 5.000000e+00 	 5.000000e+00 	 6.000009e+00
13 	 4.992222e+00 	 5.018273e+00 	 6.000009e+00
13 	 4.964322e+00 	 5.060409e+00 	 6.000009e+00
13 	 4.942628e+00 	 5.132650e+00 	 6.000009e+00
13 	 5.000000e+00 	 5.000000e+00 	 6.500004e+00
13 	 4.993097e+00 	 5.018132e+00 	 6.500004e+00
13 	 4.940774e+00 	 5.136830e+00 	 6.500004e+00
13 	 4.965053e+00 	 5.059530e+00 	 6.500004e+00
13 	 5.000000e+00 	 5.000000e+00 	 7.000036e+00
13 	 4.993053e+00 	 5.016512e+00 	 7.000036e+00
13 	 4.964354e+00 	 5.059892e+00 	 7.000036e+00
13 	 4.942030e+00 	 5.132105e+00 	 7.000036e+00
13 	 5.000000e+00 	 5.000000e+00 	 7.500030e+00
13 	 4.993806e+00 	 5.015373e+00 	 7.500030e+00
13 	 4.938834e+00 	 5.139573e+00 	 7.500030e+00
13 	 4.965298e+00 	 5.058624e+00 	 7.500030e+00
13 	 5.000000e+00 	 5.000000e+00 	 8.000025e+00
13 	 4.965195e+00 	 5.059704e+00 	 8.000025e+00
13 	 4.993536e+00 	 5.016430e+00 	 8.000025e+00
13 	 4.942223e+00 	 5.134375e+00 	 8.000025e+00
13 	 5.000000e+00 	 5.000000e+00 	 8.500020e+00
13 	 4.942358e+00 	 5.134214e+00 	 8.500020e+00
13 	 4.964527e+00 	 5.061430e+00 	 8.500020e+00
13 	 4.992270e+00 	 5.017871e+00 	 8.500020e+00
13 	 5.000000e+00 	 5.000000e+00 	 9.000014e+00
13 	 4.964791e+00 	 5.058182e+00 	 9.000014e+00
13 	 4.994456e+00 	 5.019810e+00 	 9.000014e+00
13 	 4.941338e+00 	 5.133264e+00 	 9.000014e+00
13 	 5.000000e+00 	 5.000000e+00 	 9.500009e+00
13 	 4.992829e+00 	 5.017572e+00 	 9.500009e+00
13 	 4.941444e+00 	 5.136803e+00 	 9.500009e+00
13 	 4.964949e+00 	 5.059217e+00 	 9.500009e+00
13 	 5.000000e+00 	 5.000000e+00 	 1.000000e+01
13 	 4.964242e+00 	 5.059474e+00 	 1.000000e+01
13 	 4.994117e+00 	 5.016494e+00 	 1.000000e+01
13 	 4.942027e+00 	 5.134068e+00 	 1.000000e+01
