5 	 5.000000e+00 	 5.000000e+00 	 0.000000e+00
5 	 4.871429e+00 	 5.474850e+00 	 5.001107e-01
5 	 4.868358e+00 	 5.442999e+00 	 1.000221e+00
5 	 4.874701e+00 	 5.451168e+00 	 1.500081e+00
5 	 4.872611e+00 	 5.448822e+00 	 2.000191e+00
5 	 4.872455e+00 	 5.450257e+00 	 2.500050e+00
5 	 4.876409e+00 	 5.444897e+00 	 3.000161e+00
5 	 4.874844e+00 	 5.451145e+00 	 3.500020e+00
5 	 4.874766e+00 	 5.450033e+00 	 4.000131e+00
5 	 4.879698e+00 	 5.447012e+00 	 4.500242e+00
5 	 4.877843e+00 	 5.448493e+00 	 5.000101e+00
5 	 4.875632e+00 	 5.448040e+00 	 5.500211e+00
5 	 4.876781e+00 	 5.447151e+00 	 6.000070e+00
5 	 4.876128e+00 	 5.450275e+00 	 6.500181e+00
5 	 4.875971e+00 	 5.452178e+00 	 7.000040e+00
5 	 4.876338e+00 	 5.450923e+00 	 7.500151e+00
5 	 4.875284e+00 	 5.449628e+00 	 8.000010e+00
5 	 4.878120e+00 	 5.448869e+00 	 8.500121e+00
5 	 4.876237e+00 	 5.451311e+00 	 9.000232e+00
5 	 4.875637e+00 	 5.449007e+00 	 9.500091e+00
5 	 4.877147e+00 	 5.448421e+00 	 1.000020e+01
