10 	 5.000000e+00 	 5.000000e+00 	 0.000000e+00
10 	 5.000000e+00 	 5.000000e+00 	 0.000000e+00
10 	 5.000000e+00 	 5.000000e+00 	 0.000000e+00
10 	 5.000000e+00 	 5.000000e+00 	 0.000000e+00
10 	 5.000000e+00 	 5.000000e+00 	 5.000478e-01
10 	 4.912903e+00 	 5.204166e+00 	 5.000478e-01
10 	 4.949685e+00 	 5.092376e+00 	 5.000478e-01
10 	 4.976650e+00 	 5.018520e+00 	 5.000478e-01
10 	 5.000000e+00 	 5.000000e+00 	 1.000033e+00
10 	 4.953814e+00 	 5.080278e+00 	 1.000033e+00
10 	 4.983961e+00 	 5.026943e+00 	 1.000033e+00
10 	 4.924947e+00 	 5.193881e+00 	 1.000033e+00
10 	 5.000000e+00 	 5.000000e+00 	 1.500018e+00
10 	 4.990963e+00 	 5.028105e+00 	 1.500018e+00
10 	 4.955745e+00 	 5.080819e+00 	 1.500018e+00
10 	 4.923928e+00 	 5.195399e+00 	 1.500018e+00
10 	 5.000000e+00 	 5.000000e+00 	 2.000003e+00
10 	 4.989458e+00 	 5.027099e+00 	 2.000003e+00
10 	 4.955272e+00 	 5.081118e+00 	 2.000003e+00
10 	 4.926180e+00 	 5.192835e+00 	 2.000003e+00
10 	 5.000000e+00 	 5.000000e+00 	 2.500050e+00
10 	 4.954738e+00 	 5.081666e+00 	 2.500050e+00
10 	 4.991347e+00 	 5.030944e+00 	 2.500050e+00
10 	 4.926212e+00 	 5.187477e+00 	 2.500050e+00
10 	 5.000000e+00 	 5.000000e+00 	 3.000035e+00
10 	 4.988798e+00 	 5.028277e+00 	 3.000035e+00
10 	 4.954948e+00 	 5.080507e+00 	 3.000035e+00
10 	 4.923559e+00 	 5.194408e+00 	 3.000035e+00
10 	 5.000000e+00 	 5.000000e+00 	 3.500020e+00
10 	 4.987704e+00 	 5.027437e+00 	 3.500020e+00
10 	 4.925512e+00 	 5.191735e+00 	 3.500020e+00
10 	 4.953823e+00 	 5.082911e+00 	 3.500020e+00
10 	 5.000000e+00 	 5.000000e+00 	 4.000005e+00
10 	 4.990050e+00 	 5.026043e+00 	 4.000005e+00
10 	 4.953125e+00 	 5.084060e+00 	 4.000005e+00
10 	 4.922858e+00 	 5.193991e+00 	 4.000005e+00
10 	 5.000000e+00 	 5.000000e+00 	 4.500053e+00
10 	 4.924696e+00 	 5.194474e+00 	 4.500053e+00
10 	 4.990819e+00 	 5.026972e+00 	 4.500053e+00
10 	 4.951627e+00 	 5.085747e+00 	 4.500053e+00
10 	 5.000000e+00 	 5.000000e+00 	 5.000038e+00
10 	 4.952591e+00 	 5.086004e+00 	 5.000038e+00
10 	 4.989460e+00 	 5.025866e+00 	 5.000038e+00
10 	 4.925158e+00 	 5.193226e+00 	 5.000038e+00
10 	 5.000000e+00 	 5.000000e+00 	 5.500023e+00
10 	 4.922937e+00 	 5.198055e+00 	 5.500023e+00
10 	 4.986461e+00 	 5.029376e+00 	 5.500023e+00
10 	 4.953760e+00 	 5.083677e+00 	 5.500023e+00
10 	 5.000000e+00 	 5.000000e+00 	 6.000008e+00
10 	 4.987308e+00 	 5.022426e+00 	 6.000008e+00
10 	 4.954123e+00 	 5.083301e+00 	 6.000008e+00
10 	 4.925909e+00 	 5.193451e+00 	 6.000008e+00
10 	 5.000000e+00 	 5.000000e+00 	 6.500055e+00
10 	 4.923155e+00 	 5.194510e+00 	 6.500055e+00
10 	 4.986657e+00 	 5.024881e+00 	 6.500055e+00
10 	 4.953630e+00 	 5.083605e+00 	 6.500055e+00
10 	 5.000000e+00 	 5.000000e+00 	 7.000040e+00
10 	 4.987940e+00 	 5.030390e+00 	 7.000040e+00
10 	 4.953776e+00 	 5.082777e+00 	 7.000040e+00
10 	 4.925734e+00 	 5.195956e+00 	 7.000040e+00
10 	 5.000000e+00 	 5.000000e+00 	 7.500025e+00
10 	 4.953977e+00 	 5.082406e+00 	 7.500025e+00
10 	 4.924465e+00 	 5.191452e+00 	 7.500025e+00
10 	 4.988003e+00 	 5.032576e+00 	 7.500025e+00
10 	 5.000000e+00 	 5.000000e+00 	 8.000010e+00
10 	 4.989553e+00 	 5.030259e+00 	 8.000010e+00
10 	 4.954563e+00 	 5.082202e+00 	 8.000010e+00
10 	 4.923196e+00 	 5.197059e+00 	 8.000010e+00
10 	 5.000000e+00 	 5.000000e+00 	 8.500058e+00
10 	 4.924885e+00 	 5.194915e+00 	 8.500058e+00
10 	 4.953015e+00 	 5.084298e+00 	 8.500058e+00
10 	 4.989163e+00 	 5.023677e+00 	 8.500058e+00
10 	 5.000000e+00 	 5.000000e+00 	 9.000043e+00
10 	 4.988937e+00 	 5.030271e+00 	 9.000043e+00
10 	 4.953893e+00 	 5.082990e+00 	 9.000043e+00
10 	 4.923613e+00 	 5.196515e+00 	 9.000043e+00
10 	 5.000000e+00 	 5.000000e+00 	 9.500028e+00
10 	 4.988453e+00 	 5.027234e+00 	 9.500028e+00
10 	 4.922962e+00 	 5.198720e+00 	 9.500028e+00
10 	 4.955460e+00 	 5.080355e+00 	 9.500028e+00
10 	 5.000000e+00 	 5.000000e+00 	 1.000001e+01
10 	 4.987889e+00 	 5.025560e+00 	 1.000001e+01
10 	 4.954738e+00 	 5.081313e+00 	 1.000001e+01
10 	 4.925274e+00 	 5.192553e+00 	 1.000001e+01
