12 	 5.000000e+00 	 5.000000e+00 	 0.000000e+00
12 	 5.000000e+00 	 5.000000e+00 	 0.000000e+00
12 	 5.000000e+00 	 5.000000e+00 	 0.000000e+00
12 	 5.000000e+00 	 5.000000e+00 	 0.000000e+00
12 	 5.000000e+00 	 5.000000e+00 	 5.000181e-01
12 	 4.958508e+00 	 5.073200e+00 	 5.000181e-01
12 	 4.984257e+00 	 5.018202e+00 	 5.000181e-01
12 	 4.930350e+00 	 5.155575e+00 	 5.000181e-01
12 	 5.000000e+00 	 5.000000e+00 	 1.000036e+00
12 	 4.963174e+00 	 5.063880e+00 	 1.000036e+00
12 	 4.991495e+00 	 5.017693e+00 	 1.000036e+00
12 	 4.936746e+00 	 5.150472e+00 	 1.000036e+00
12 	 5.000000e+00 	 5.000000e+00 	 1.500011e+00
12 	 4.963578e+00 	 5.065200e+00 	 1.500011e+00
12 	 4.992748e+00 	 5.017248e+00 	 1.500011e+00
12 	 4.938001e+00 	 5.147116e+00 	 1.500011e+00
12 	 5.000000e+00 	 5.000000e+00 	 2.000029e+00
12 	 4.963271e+00 	 5.065106e+00 	 2.000029e+00
12 	 4.992837e+00 	 5.017512e+00 	 2.000029e+00
12 	 4.934951e+00 	 5.152579e+00 	 2.000029e+00
12 	 5.000000e+00 	 5.000000e+00 	 2.500003e+00
12 	 4.992364e+00 	 5.030786e+00 	 2.500003e+00
12 	 4.961882e+00 	 5.066075e+00 	 2.500003e+00
12 	 4.937472e+00 	 5.147657e+00 	 2.500003e+00
12 	 5.000000e+00 	 5.000000e+00 	 3.000021e+00
12 	 4.962513e+00 	 5.064163e+00 	 3.000021e+00
12 	 4.935503e+00 	 5.153690e+00 	 3.000021e+00
12 	 4.985261e+00 	 5.022499e+00 	 3.000021e+00
12 	 5.000000e+00 	 5.000000e+00 	 3.500039e+00
12 	 4.959819e+00 	 5.067726e+00 	 3.500039e+00
12 	 4.993132e+00 	 5.020907e+00 	 3.500039e+00
12 	 4.937985e+00 	 5.150904e+00 	 3.500039e+00
12 	 5.000000e+00 	 5.000000e+00 	 4.000014e+00
12 	 4.991394e+00 	 5.020050e+00 	 4.000014e+00
12 	 4.961860e+00 	 5.066252e+00 	 4.000014e+00
12 	 4.936100e+00 	 5.150937e+00 	 4.000014e+00
12 	 5.000000e+00 	 5.000000e+00 	 4.500032e+00
12 	 4.961674e+00 	 5.065594e+00 	 4.500032e+00
12 	 4.990913e+00 	 5.021136e+00 	 4.500032e+00
12 	 4.936336e+00 	 5.152729e+00 	 4.500032e+00
12 	 5.000000e+00 	 5.000000e+00 	 5.000006e+00
12 	 4.989850e+00 	 5.020478e+00 	 5.000006e+00
12 	 4.959217e+00 	 5.069485e+00 	 5.000006e+00
12 	 4.937621e+00 	 5.148575e+00 	 5.000006e+00
12 	 5.000000e+00 	 5.000000e+00 	 5.500024e+00
12 	 4.961009e+00 	 5.067259e+00 	 5.500024e+00
12 	 4.992992e+00 	 5.020396e+00 	 5.500024e+00
12 	 4.935915e+00 	 5.151895e+00 	 5.500024e+00
12 	 5.000000e+00 	 5.000000e+00 	 6.000043e+00
12 	 4.961566e+00 	 5.066386e+00 	 6.000043e+00
12 	 4.991712e+00 	 5.022069e+00 	 6.000043e+00
12 	 4.937149e+00 	 5.150508e+00 	 6.000043e+00
12 	 5.000000e+00 	 5.000000e+00 	 6.500017e+00
12 	 4.960624e+00 	 5.066795e+00 	 6.500017e+00
12 	 4.936701e+00 	 5.149575e+00 	 6.500017e+00
12 	 4.986683e+00 	 5.023308e+00 	 6.500017e+00
12 	 5.000000e+00 	 5.000000e+00 	 7.000035e+00
12 	 4.992457e+00 	 5.018859e+00 	 7.000035e+00
12 	 4.961044e+00 	 5.066184e+00 	 7.000035e+00
12 	 4.936640e+00 	 5.148640e+00 	 7.000035e+00
12 	 5.000000e+00 	 5.000000e+00 	 7.500009e+00
12 	 4.960857e+00 	 5.067749e+00 	 7.500009e+00
12 	 4.994241e+00 	 5.018971e+00 	 7.500009e+00
12 	 4.938293e+00 	 5.149208e+00 	 7.500009e+00
12 	 5.000000e+00 	 5.000000e+00 	 8.000028e+00
12 	 4.990482e+00 	 5.021630e+00 	 8.000028e+00
12 	 4.961705e+00 	 5.065538e+00 	 8.000028e+00
12 	 4.936714e+00 	 5.149373e+00 	 8.000028e+00
12 	 5.000000e+00 	 5.000000e+00 	 8.500002e+00
12 	 4.991589e+00 	 5.018938e+00 	 8.500002e+00
12 	 4.936578e+00 	 5.149381e+00 	 8.500002e+00
12 	 4.962196e+00 	 5.065436e+00 	 8.500002e+00
12 	 5.000000e+00 	 5.000000e+00 	 9.000020e+00
12 	 4.960699e+00 	 5.067140e+00 	 9.000020e+00
12 	 4.992027e+00 	 5.022084e+00 	 9.000020e+00
12 	 4.936170e+00 	 5.149589e+00 	 9.000020e+00
12 	 5.000000e+00 	 5.000000e+00 	 9.500038e+00
12 	 4.961019e+00 	 5.066539e+00 	 9.500038e+00
12 	 4.936882e+00 	 5.149437e+00 	 9.500038e+00
12 	 4.992655e+00 	 5.021642e+00 	 9.500038e+00
12 	 5.000000e+00 	 5.000000e+00 	 1.000001e+01
12 	 4.991118e+00 	 5.019955e+00 	 1.000001e+01
12 	 4.960750e+00 	 5.066884e+00 	 1.000001e+01
12 	 4.935876e+00 	 5.152512e+00 	 1.000001e+01
