9 	 5.000000e+00 	 5.000000e+00 	 0.000000e+00
9 	 4.904833e+00 	 5.234125e+00 	 5.000424e-01
9 	 4.917164e+00 	 5.221407e+00 	 1.000007e+00
9 	 4.918864e+00 	 5.220354e+00 	 1.500049e+00
9 	 4.918840e+00 	 5.217338e+00 	 2.000014e+00
9 	 4.917220e+00 	 5.220358e+00 	 2.500057e+00
9 	 4.918947e+00 	 5.220454e+00 	 3.000021e+00
9 	 4.918184e+00 	 5.221920e+00 	 3.500064e+00
9 	 4.917028e+00 	 5.220052e+00 	 4.000028e+00
9 	 4.918027e+00 	 5.223316e+00 	 4.500071e+00
9 	 4.919240e+00 	 5.218970e+00 	 5.000035e+00
9 	 4.915769e+00 	 5.223031e+00 	 5.500000e+00
9 	 4.918531e+00 	 5.223034e+00 	 6.000043e+00
9 	 4.918209e+00 	 5.224262e+00 	 6.500007e+00
9 	 4.915704e+00 	 5.223804e+00 	 7.000050e+00
9 	 4.916325e+00 	 5.223395e+00 	 7.500014e+00
9 	 4.917158e+00 	 5.223435e+00 	 8.000057e+00
9 	 4.917476e+00 	 5.221947e+00 	 8.500021e+00
9 	 4.915448e+00 	 5.223928e+00 	 9.000064e+00
9 	 4.917776e+00 	 5.221411e+00 	 9.500028e+00
9 	 4.917383e+00 	 5.222624e+00 	 1.000007e+01
