8 	 5.000000e+00 	 5.000000e+00 	 0.000000e+00
8 	 4.888954e+00 	 5.270331e+00 	 5.000400e-01
8 	 4.905844e+00 	 5.260722e+00 	 1.000080e+00
8 	 4.909470e+00 	 5.260488e+00 	 1.500022e+00
8 	 4.908990e+00 	 5.256395e+00 	 2.000062e+00
8 	 4.909123e+00 	 5.257031e+00 	 2.500003e+00
8 	 4.909339e+00 	 5.253919e+00 	 3.000043e+00
8 	 4.909826e+00 	 5.254262e+00 	 3.500083e+00
8 	 4.907770e+00 	 5.258607e+00 	 4.000025e+00
8 	 4.910221e+00 	 5.257195e+00 	 4.500065e+00
8 	 4.909394e+00 	 5.256887e+00 	 5.000006e+00
8 	 4.909491e+00 	 5.253858e+00 	 5.500046e+00
8 	 4.907486e+00 	 5.257072e+00 	 6.000086e+00
8 	 4.908416e+00 	 5.261947e+00 	 6.500028e+00
8 	 4.907554e+00 	 5.257704e+00 	 7.000068e+00
8 	 4.908674e+00 	 5.257443e+00 	 7.500009e+00
8 	 4.911129e+00 	 5.254599e+00 	 8.000049e+00
8 	 4.910143e+00 	 5.255923e+00 	 8.500089e+00
8 	 4.908994e+00 	 5.256933e+00 	 9.000031e+00
8 	 4.910433e+00 	 5.254714e+00 	 9.500071e+00
8 	 4.908948e+00 	 5.258489e+00 	 1.000001e+01
