14 	 5.000000e+00 	 5.000000e+00 	 0.000000e+00
14 	 5.000000e+00 	 5.000000e+00 	 0.000000e+00
14 	 5.000000e+00 	 5.000000e+00 	 0.000000e+00
14 	 5.000000e+00 	 5.000000e+00 	 0.000000e+00
14 	 5.000000e+00 	 5.000000e+00 	 5.000119e-01
14 	 4.989795e+00 	 5.013842e+00 	 5.000119e-01
14 	 4.966559e+00 	 5.060756e+00 	 5.000119e-01
14 	 4.940670e+00 	 5.125975e+00 	 5.000119e-01
14 	 5.000000e+00 	 5.000000e+00 	 1.000024e+00
14 	 4.992793e+00 	 5.015231e+00 	 1.000024e+00
14 	 4.968593e+00 	 5.053414e+00 	 1.000024e+00
14 	 4.946094e+00 	 5.120087e+00 	 1.000024e+00
14 	 5.000000e+00 	 5.000000e+00 	 1.500003e+00
14 	 4.992652e+00 	 5.016141e+00 	 1.500003e+00
14 	 4.947226e+00 	 5.115531e+00 	 1.500003e+00
14 	 4.968245e+00 	 5.055055e+00 	 1.500003e+00
14 	 5.000000e+00 	 5.000000e+00 	 2.000015e+00
14 	 4.993691e+00 	 5.015908e+00 	 2.000015e+00
14 	 4.967293e+00 	 5.053421e+00 	 2.000015e+00
14 	 4.945358e+00 	 5.119203e+00 	 2.000015e+00
14 	 5.000000e+00 	 5.000000e+00 	 2.500027e+00
14 	 4.968178e+00 	 5.051703e+00 	 2.500027e+00
14 	 4.994196e+00 	 5.016103e+00 	 2.500027e+00
14 	 4.944796e+00 	 5.120803e+00 	 2.500027e+00
14 	 5.000000e+00 	 5.000000e+00 	 3.000007e+00
14 	 4.967709e+00 	 5.053332e+00 	 3.000007e+00
14 	 4.991612e+00 	 5.016207e+00 	 3.000007e+00
14 	 4.946648e+00 	 5.118457e+00 	 3.000007e+00
14 	 5.000000e+00 	 5.000000e+00 	 3.500019e+00
14 	 4.965998e+00 	 5.055483e+00 	 3.500019e+00
14 	 4.993798e+00 	 5.019073e+00 	 3.500019e+00
14 	 4.946092e+00 	 5.120727e+00 	 3.500019e+00
14 	 5.000000e+00 	 5.000000e+00 	 4.000031e+00
14 	 4.992241e+00 	 5.018906e+00 	 4.000031e+00
14 	 4.946164e+00 	 5.122175e+00 	 4.000031e+00
14 	 4.966993e+00 	 5.054391e+00 	 4.000031e+00
14 	 5.000000e+00 	 5.000000e+00 	 4.500010e+00
14 	 4.993696e+00 	 5.014535e+00 	 4.500010e+00
14 	 4.967796e+00 	 5.053528e+00 	 4.500010e+00
14 	 4.946178e+00 	 5.120804e+00 	 4.500010e+00
14 	 5.000000e+00 	 5.000000e+00 	 5.000022e+00
14 	 4.944825e+00 	 5.121745e+00 	 5.000022e+00
14 	 4.968003e+00 	 5.052780e+00 	 5.000022e+00
14 	 4.994482e+00 	 5.016435e+00 	 5.000022e+00
14 	 5.000000e+00 	 5.000000e+00 	 5.500002e+00
14 	 4.993749e+00 	 5.015169e+00 	 5.500002e+00
14 	 4.946502e+00 	 5.118735e+00 	 5.500002e+00
14 	 4.967346e+00 	 5.053542e+00 	 5.500002e+00
14 	 5.000000e+00 	 5.000000e+00 	 6.000014e+00
14 	 4.989178e+00 	 5.015861e+00 	 6.000014e+00
14 	 4.966301e+00 	 5.054916e+00 	 6.000014e+00
14 	 4.946004e+00 	 5.119268e+00 	 6.000014e+00
14 	 5.000000e+00 	 5.000000e+00 	 6.500026e+00
14 	 4.968412e+00 	 5.054715e+00 	 6.500026e+00
14 	 4.944801e+00 	 5.121230e+00 	 6.500026e+00
14 	 4.992948e+00 	 5.016250e+00 	 6.500026e+00
14 	 5.000000e+00 	 5.000000e+00 	 7.000006e+00
14 	 4.967082e+00 	 5.054377e+00 	 7.000006e+00
14 	 4.994064e+00 	 5.015797e+00 	 7.000006e+00
14 	 4.946977e+00 	 5.118489e+00 	 7.000006e+00
14 	 5.000000e+00 	 5.000000e+00 	 7.500017e+00
14 	 4.993518e+00 	 5.018554e+00 	 7.500017e+00
14 	 4.946691e+00 	 5.119339e+00 	 7.500017e+00
14 	 4.968199e+00 	 5.053063e+00 	 7.500017e+00
14 	 5.000000e+00 	 5.000000e+00 	 8.000029e+00
14 	 4.993562e+00 	 5.014460e+00 	 8.000029e+00
14 	 4.968043e+00 	 5.053932e+00 	 8.000029e+00
14 	 4.945623e+00 	 5.119162e+00 	 8.000029e+00
14 	 5.000000e+00 	 5.000000e+00 	 8.500009e+00
14 	 4.946047e+00 	 5.119565e+00 	 8.500009e+00
14 	 4.967725e+00 	 5.053378e+00 	 8.500009e+00
14 	 4.993886e+00 	 5.015842e+00 	 8.500009e+00
14 	 5.000000e+00 	 5.000000e+00 	 9.000021e+00
14 	 4.994279e+00 	 5.015135e+00 	 9.000021e+00
14 	 4.944984e+00 	 5.120999e+00 	 9.000021e+00
14 	 4.967427e+00 	 5.053587e+00 	 9.000021e+00
14 	 5.000000e+00 	 5.000000e+00 	 9.500001e+00
14 	 4.947167e+00 	 5.116649e+00 	 9.500001e+00
14 	 4.992759e+00 	 5.014828e+00 	 9.500001e+00
14 	 4.967040e+00 	 5.055469e+00 	 9.500001e+00
14 	 5.000000e+00 	 5.000000e+00 	 1.000001e+01
14 	 4.993177e+00 	 5.018947e+00 	 1.000001e+01
14 	 4.967085e+00 	 5.054411e+00 	 1.000001e+01
14 	 4.944807e+00 	 5.122725e+00 	 1.000001e+01
