4 	 5.000000e+00 	 5.000000e+00 	 0.000000e+00
4 	 4.841413e+00 	 5.589810e+00 	 5.002366e-01
4 	 4.845615e+00 	 5.564136e+00 	 1.000080e+00
4 	 4.858370e+00 	 5.571145e+00 	 1.500317e+00
4 	 4.855763e+00 	 5.570169e+00 	 2.000160e+00
4 	 4.863761e+00 	 5.569117e+00 	 2.500003e+00
4 	 4.863273e+00 	 5.570552e+00 	 3.000240e+00
4 	 4.862934e+00 	 5.569134e+00 	 3.500083e+00
4 	 4.861630e+00 	 5.575434e+00 	 4.000320e+00
4 	 4.865968e+00 	 5.574195e+00 	 4.500163e+00
4 	 4.863980e+00 	 5.570382e+00 	 5.000006e+00
4 	 4.866464e+00 	 5.572683e+00 	 5.500243e+00
4 	 4.865509e+00 	 5.573675e+00 	 6.000086e+00
4 	 4.864890e+00 	 5.573890e+00 	 6.500323e+00
4 	 4.863013e+00 	 5.572732e+00 	 7.000166e+00
4 	 4.860930e+00 	 5.574669e+00 	 7.500009e+00
4 	 4.861120e+00 	 5.575614e+00 	 8.000246e+00
4 	 4.862480e+00 	 5.572071e+00 	 8.500089e+00
4 	 4.861654e+00 	 5.574666e+00 	 9.000326e+00
4 	 4.858486e+00 	 5.575306e+00 	 9.500169e+00
4 	 4.864270e+00 	 5.573256e+00 	 1.000001e+01
