8 	 3.653265e+00 	 7.826691e+00 	 1.000001e+01
8 	 5.000000e+00 	 5.000000e+00 	 0.000000e+00
8 	 3.501012e+00 	 7.537694e+00 	 5.000400e-01
8 	 3.495924e+00 	 6.817846e+00 	 1.000080e+00
8 	 3.676326e+00 	 9.400283e+00 	 1.500022e+00
8 	 3.826639e+00 	 8.388658e+00 	 2.000062e+00
8 	 3.705550e+00 	 7.109779e+00 	 2.500003e+00
8 	 3.424253e+00 	 7.001273e+00 	 3.000043e+00
8 	 3.651547e+00 	 6.999576e+00 	 3.500083e+00
8 	 3.640737e+00 	 7.099162e+00 	 4.000025e+00
8 	 3.981961e+00 	 7.114531e+00 	 4.500065e+00
8 	 3.696935e+00 	 7.165059e+00 	 5.000006e+00
8 	 3.476865e+00 	 7.880852e+00 	 5.500046e+00
8 	 3.837344e+00 	 7.159829e+00 	 6.000086e+00
8 	 3.845992e+00 	 7.021900e+00 	 6.500028e+00
8 	 3.833014e+00 	 7.030439e+00 	 7.000068e+00
8 	 3.777675e+00 	 7.171363e+00 	 7.500009e+00
8 	 3.939164e+00 	 7.261387e+00 	 8.000049e+00
8 	 3.690237e+00 	 7.090436e+00 	 8.500089e+00
8 	 3.923075e+00 	 7.154453e+00 	 9.000031e+00
8 	 3.533977e+00 	 7.191075e+00 	 9.500071e+00
8 	 3.653265e+00 	 7.826691e+00 	 1.000001e+01
