9 	 5.000000e+00 	 5.000000e+00 	 0.000000e+00
9 	 3.944998e+00 	 6.860389e+00 	 5.000424e-01
9 	 4.023922e+00 	 6.579705e+00 	 1.000007e+00
9 	 4.008932e+00 	 8.048750e+00 	 1.500049e+00
9 	 4.097662e+00 	 7.319492e+00 	 2.000014e+00
9 	 3.899537e+00 	 6.830853e+00 	 2.500057e+00
9 	 4.057126e+00 	 6.894227e+00 	 3.000021e+00
9 	 3.896603e+00 	 6.868327e+00 	 3.500064e+00
9 	 4.075317e+00 	 6.925196e+00 	 4.000028e+00
9 	 4.105714e+00 	 6.993314e+00 	 4.500071e+00
9 	 3.953875e+00 	 6.950931e+00 	 5.000035e+00
9 	 3.925804e+00 	 6.911438e+00 	 5.500000e+00
9 	 3.704255e+00 	 7.004303e+00 	 6.000043e+00
9 	 3.860005e+00 	 6.924901e+00 	 6.500007e+00
9 	 4.002052e+00 	 7.015453e+00 	 7.000050e+00
9 	 3.897916e+00 	 7.741923e+00 	 7.500014e+00
9 	 4.046552e+00 	 6.924987e+00 	 8.000057e+00
