6 	 5.000000e+00 	 5.000000e+00 	 0.000000e+00
6 	 3.071290e+00 	 7.811671e+00 	 5.000618e-01
6 	 3.636126e+00 	 7.278188e+00 	 1.000124e+00
6 	 3.270374e+00 	 1.108614e+01 	 1.500011e+00
6 	 3.299757e+00 	 7.483091e+00 	 2.000072e+00
6 	 3.354886e+00 	 7.571120e+00 	 2.500134e+00
6 	 3.558660e+00 	 7.464952e+00 	 3.000021e+00
6 	 3.412506e+00 	 7.578599e+00 	 3.500083e+00
6 	 3.041803e+00 	 7.534601e+00 	 4.000145e+00
6 	 2.892347e+00 	 7.637335e+00 	 4.500032e+00
6 	 3.285745e+00 	 7.616950e+00 	 5.000094e+00
6 	 3.242761e+00 	 7.780713e+00 	 5.500155e+00
6 	 3.037122e+00 	 7.672985e+00 	 6.000043e+00
6 	 2.722318e+00 	 7.586953e+00 	 6.500104e+00
6 	 3.017030e+00 	 7.782452e+00 	 7.000166e+00
6 	 2.967977e+00 	 7.585144e+00 	 7.500053e+00
6 	 2.831123e+00 	 7.675199e+00 	 8.000115e+00
6 	 2.910769e+00 	 7.694548e+00 	 8.500002e+00
6 	 3.214961e+00 	 9.809461e+00 	 9.000064e+00
6 	 3.009201e+00 	 7.710592e+00 	 9.500126e+00
6 	 2.820351e+00 	 7.727879e+00 	 1.000001e+01
