4 	 5.000000e+00 	 5.000000e+00 	 0.000000e+00
4 	 3.014874e+00 	 7.792369e+00 	 5.002366e-01
4 	 3.113733e+00 	 8.495792e+00 	 1.000080e+00
4 	 3.154797e+00 	 9.057129e+00 	 1.500317e+00
4 	 2.924572e+00 	 9.110126e+00 	 2.000160e+00
4 	 2.605319e+00 	 9.234236e+00 	 2.500003e+00
4 	 3.190112e-01 	 1.239082e+01 	 3.000240e+00
4 	 1.047722e-01 	 2.008419e+01 	 3.500083e+00
4 	 1.017314e-01 	 7.764989e+01 	 4.000320e+00
4 	 1.122736e-01 	 3.563984e+02 	 4.500163e+00
4 	 1.080948e-01 	 2.800419e+03 	 5.000006e+00
4 	 1.006602e-01 	 2.127758e+04 	 5.500243e+00
4 	 1.013425e-01 	 9.104007e+04 	 6.000086e+00
4 	 1.008352e-01 	 8.620588e+05 	 6.500323e+00
4 	 1.001553e-01 	 9.565407e+06 	 7.000166e+00
4 	 1.001380e-01 	 5.466028e+07 	 7.500009e+00
4 	 1.002369e-01 	 4.000671e+08 	 8.000246e+00
4 	 1.000442e-01 	 4.260473e+09 	 8.500089e+00
4 	 1.006660e-01 	 2.444021e+10 	 9.000326e+00
4 	 1.013051e-01 	 6.591201e+10 	 9.500169e+00
4 	 1.070060e-01 	 9.644621e+11 	 1.000001e+01
