5 	 5.000000e+00 	 5.000000e+00 	 0.000000e+00
5 	 3.132573e+00 	 7.580853e+00 	 5.001107e-01
5 	 3.409898e+00 	 8.108687e+00 	 1.000221e+00
5 	 3.262460e+00 	 1.086548e+01 	 1.500081e+00
5 	 3.068001e+00 	 8.172970e+00 	 2.000191e+00
5 	 2.840345e+00 	 7.984045e+00 	 2.500050e+00
5 	 2.815466e+00 	 7.889220e+00 	 3.000161e+00
5 	 2.767435e+00 	 7.993962e+00 	 3.500020e+00
5 	 2.926195e+00 	 8.043833e+00 	 4.000131e+00
5 	 2.799855e+00 	 8.063624e+00 	 4.500242e+00
5 	 2.942538e+00 	 7.978301e+00 	 5.000101e+00
5 	 2.768212e+00 	 7.945402e+00 	 5.500211e+00
5 	 2.770583e+00 	 7.917131e+00 	 6.000070e+00
5 	 2.726228e+00 	 7.933541e+00 	 6.500181e+00
5 	 2.741072e+00 	 8.028852e+00 	 7.000040e+00
5 	 2.862092e+00 	 8.084871e+00 	 7.500151e+00
5 	 2.751623e+00 	 8.056791e+00 	 8.000010e+00
5 	 2.840705e+00 	 8.141381e+00 	 8.500121e+00
5 	 2.813060e+00 	 8.179958e+00 	 9.000232e+00
5 	 2.788412e+00 	 8.258709e+00 	 9.500091e+00
5 	 2.872539e+00 	 8.224296e+00 	 1.000020e+01
