7 	 5.000000e+00 	 5.000000e+00 	 0.000000e+00
7 	 3.095616e+00 	 7.731583e+00 	 5.000440e-01
7 	 3.619204e+00 	 7.172730e+00 	 1.000088e+00
7 	 3.075482e+00 	 7.717044e+00 	 1.500003e+00
7 	 3.242466e+00 	 1.015812e+01 	 2.000047e+00
7 	 3.501708e+00 	 7.264232e+00 	 2.500091e+00
7 	 3.356060e+00 	 7.322206e+00 	 3.000007e+00
7 	 3.471171e+00 	 7.346457e+00 	 3.500051e+00
7 	 3.456072e+00 	 7.342057e+00 	 4.000095e+00
7 	 3.582588e+00 	 7.348989e+00 	 4.500010e+00
7 	 3.471885e+00 	 9.580325e+00 	 5.000054e+00
7 	 3.418427e+00 	 7.403564e+00 	 5.500098e+00
7 	 3.165031e+00 	 7.479334e+00 	 6.000014e+00
7 	 3.434194e+00 	 7.421041e+00 	 6.500058e+00
7 	 3.222888e+00 	 7.413111e+00 	 7.000102e+00
7 	 3.377412e+00 	 8.227207e+00 	 7.500017e+00
7 	 3.447925e+00 	 7.451377e+00 	 8.000061e+00
7 	 3.136811e+00 	 7.415549e+00 	 8.500105e+00
7 	 3.511336e+00 	 7.400920e+00 	 9.000021e+00
7 	 3.085226e+00 	 7.364870e+00 	 9.500065e+00
7 	 3.511025e+00 	 7.471761e+00 	 1.000011e+01
