3 	 5.000000e+00 	 5.000000e+00 	 0.000000e+00
3 	 2.825227e+00 	 7.860065e+00 	 5.005862e-01
3 	 1.629393e+00 	 1.223949e+01 	 1.000473e+00
3 	 2.839700e+00 	 9.943067e+00 	 1.500360e+00
3 	 1.127477e-01 	 1.729297e+02 	 2.000247e+00
3 	 1.084631e-01 	 5.027569e+04 	 2.500134e+00
3 	 1.000893e-01 	 1.774253e+07 	 3.000021e+00
3 	 1.244755e-01 	 5.134589e+09 	 3.500607e+00
3 	 2.743726e+00 	 1.791668e+12 	 4.000494e+00
3 	 5.000000e+00 	 1.694988e+14 	 4.500381e+00
3 	 5.000000e+00 	 2.660624e+16 	 5.000268e+00
3 	 5.000000e+00 	 8.605795e+17 	 5.500155e+00
3 	 5.000000e+00 	 1.084508e+20 	 6.000043e+00
3 	 5.000000e+00 	 1.246519e+22 	 6.500629e+00
3 	 5.000000e+00 	 3.236059e+24 	 7.000516e+00
3 	 5.000000e+00 	 6.851547e+26 	 7.500403e+00
3 	 5.000000e+00 	 2.598871e+29 	 8.000290e+00
3 	 5.000000e+00 	 4.002778e+31 	 8.500177e+00
3 	 5.000000e+00 	 1.850049e+33 	 9.000064e+00
3 	 5.000000e+00 	 2.998574e+35 	 9.500650e+00
3 	 5.000000e+00 	 3.780476e+37 	 1.000054e+01
