2 	 5.000000e+00 	 5.000000e+00 	 0.000000e+00
2 	 2.978226e+00 	 6.594137e+00 	 5.002366e-01
2 	 2.597884e+00 	 9.326863e+00 	 1.000473e+00
2 	 3.169069e-01 	 2.507911e+01 	 1.500710e+00
2 	 1.096925e-01 	 2.696411e+03 	 2.000946e+00
2 	 1.022076e-01 	 5.364784e+05 	 2.501183e+00
2 	 1.292297e-01 	 1.186695e+08 	 3.001420e+00
2 	 2.572552e+00 	 3.595103e+10 	 3.500083e+00
2 	 5.000000e+00 	 1.855738e+13 	 4.000320e+00
2 	 5.000000e+00 	 1.043196e+16 	 4.500556e+00
2 	 5.000000e+00 	 4.943783e+18 	 5.000793e+00
2 	 5.000000e+00 	 1.606665e+21 	 5.501029e+00
2 	 5.000000e+00 	 4.939824e+23 	 6.001266e+00
2 	 5.000000e+00 	 1.971382e+26 	 6.501503e+00
2 	 5.000000e+00 	 1.353256e+29 	 7.000166e+00
2 	 5.000000e+00 	 6.851201e+31 	 7.500403e+00
2 	 5.000000e+00 	 3.741826e+34 	 8.000639e+00
2 	 5.000000e+00 	 1.624324e+37 	 8.500876e+00
2 	 5.000000e+00 	 1.492685e+40 	 9.001112e+00
2 	 5.000000e+00 	 1.336299e+43 	 9.501349e+00
2 	 5.000000e+00 	 4.382966e+45 	 1.000001e+01
