8 	 5.000000e+00 	 5.000000e+00 	 0.000000e+00
8 	 5.000000e+00 	 5.000000e+00 	 0.000000e+00
8 	 5.000000e+00 	 5.000000e+00 	 0.000000e+00
8 	 5.000000e+00 	 5.000000e+00 	 0.000000e+00
8 	 5.000000e+00 	 5.000000e+00 	 1.000866e-01
8 	 4.978712e+00 	 5.020495e+00 	 1.000866e-01
8 	 5.000000e+00 	 5.249428e+00 	 1.000866e-01
8 	 4.904647e+00 	 5.303908e+00 	 1.000866e-01
8 	 5.000000e+00 	 5.000000e+00 	 2.000750e-01
8 	 4.955710e+00 	 5.010526e+00 	 2.000750e-01
8 	 4.848740e+00 	 5.157089e+00 	 2.000750e-01
8 	 4.791325e+00 	 5.248798e+00 	 2.000750e-01
8 	 5.000000e+00 	 5.000000e+00 	 3.000633e-01
8 	 4.943084e+00 	 5.123519e+00 	 3.000633e-01
8 	 4.979021e+00 	 5.033171e+00 	 3.000633e-01
8 	 4.812106e+00 	 5.284695e+00 	 3.000633e-01
8 	 5.000000e+00 	 5.000000e+00 	 4.000516e-01
8 	 4.940850e+00 	 5.053210e+00 	 4.000516e-01
8 	 4.910451e+00 	 5.178188e+00 	 4.000516e-01
8 	 4.840729e+00 	 5.343690e+00 	 4.000516e-01
8 	 5.000000e+00 	 5.000000e+00 	 5.000400e-01
8 	 4.897269e+00 	 5.161387e+00 	 5.000400e-01
8 	 4.897914e+00 	 5.084492e+00 	 5.000400e-01
8 	 4.837490e+00 	 5.330062e+00 	 5.000400e-01
8 	 5.000000e+00 	 5.000000e+00 	 6.000283e-01
8 	 4.900640e+00 	 5.161733e+00 	 6.000283e-01
8 	 4.851445e+00 	 5.332745e+00 	 6.000283e-01
8 	 4.862858e+00 	 5.083768e+00 	 6.000283e-01
8 	 5.000000e+00 	 5.000000e+00 	 7.000166e-01
8 	 4.899565e+00 	 5.098319e+00 	 7.000166e-01
8 	 4.907832e+00 	 5.154106e+00 	 7.000166e-01
8 	 4.851503e+00 	 5.327208e+00 	 7.000166e-01
8 	 5.000000e+00 	 5.000000e+00 	 8.000049e-01
8 	 4.856133e+00 	 5.324885e+00 	 8.000049e-01
8 	 4.907349e+00 	 5.114904e+00 	 8.000049e-01
8 	 4.910382e+00 	 5.149323e+00 	 8.000049e-01
8 	 5.000000e+00 	 5.000000e+00 	 9.000916e-01
8 	 4.857142e+00 	 5.326751e+00 	 9.000916e-01
8 	 4.886863e+00 	 5.101716e+00 	 9.000916e-01
8 	 4.913955e+00 	 5.149380e+00 	 9.000916e-01
8 	 5.000000e+00 	 5.000000e+00 	 1.000080e+00
8 	 4.822041e+00 	 5.102619e+00 	 1.000080e+00
8 	 4.916165e+00 	 5.150526e+00 	 1.000080e+00
8 	 4.859333e+00 	 5.327337e+00 	 1.000080e+00
