9 	 5.000000e+00 	 5.000000e+00 	 0.000000e+00
9 	 5.000000e+00 	 5.000000e+00 	 0.000000e+00
9 	 5.000000e+00 	 5.000000e+00 	 0.000000e+00
9 	 5.000000e+00 	 5.000000e+00 	 0.000000e+00
9 	 5.000000e+00 	 5.000000e+00 	 1.000551e-01
9 	 4.860063e+00 	 5.212293e+00 	 1.000551e-01
9 	 4.987463e+00 	 5.013432e+00 	 1.000551e-01
9 	 4.830174e+00 	 5.284558e+00 	 1.000551e-01
9 	 5.000000e+00 	 5.000000e+00 	 2.000325e-01
9 	 4.983754e+00 	 5.020759e+00 	 2.000325e-01
9 	 4.903544e+00 	 5.141562e+00 	 2.000325e-01
9 	 4.881206e+00 	 5.237126e+00 	 2.000325e-01
9 	 5.000000e+00 	 5.000000e+00 	 3.000099e-01
9 	 4.963014e+00 	 5.023182e+00 	 3.000099e-01
9 	 4.945013e+00 	 5.107047e+00 	 3.000099e-01
9 	 4.808905e+00 	 5.260476e+00 	 3.000099e-01
9 	 5.000000e+00 	 5.000000e+00 	 4.000650e-01
9 	 4.921938e+00 	 5.046150e+00 	 4.000650e-01
9 	 4.916602e+00 	 5.151733e+00 	 4.000650e-01
9 	 4.854173e+00 	 5.306652e+00 	 4.000650e-01
9 	 5.000000e+00 	 5.000000e+00 	 5.000424e-01
9 	 4.900389e+00 	 5.080817e+00 	 5.000424e-01
9 	 4.906333e+00 	 5.142724e+00 	 5.000424e-01
9 	 4.859467e+00 	 5.296422e+00 	 5.000424e-01
9 	 5.000000e+00 	 5.000000e+00 	 6.000198e-01
9 	 4.869559e+00 	 5.099033e+00 	 6.000198e-01
9 	 4.914771e+00 	 5.143005e+00 	 6.000198e-01
9 	 4.867713e+00 	 5.296235e+00 	 6.000198e-01
9 	 5.000000e+00 	 5.000000e+00 	 7.000749e-01
9 	 4.911855e+00 	 5.083555e+00 	 7.000749e-01
9 	 4.919386e+00 	 5.134143e+00 	 7.000749e-01
9 	 4.869639e+00 	 5.290618e+00 	 7.000749e-01
9 	 5.000000e+00 	 5.000000e+00 	 8.000523e-01
9 	 4.905729e+00 	 5.097675e+00 	 8.000523e-01
9 	 4.921558e+00 	 5.131105e+00 	 8.000523e-01
9 	 4.871775e+00 	 5.288795e+00 	 8.000523e-01
9 	 5.000000e+00 	 5.000000e+00 	 9.000297e-01
9 	 4.890042e+00 	 5.095794e+00 	 9.000297e-01
9 	 4.925135e+00 	 5.131348e+00 	 9.000297e-01
9 	 4.873752e+00 	 5.288784e+00 	 9.000297e-01
9 	 5.000000e+00 	 5.000000e+00 	 1.000007e+00
9 	 4.926290e+00 	 5.132275e+00 	 1.000007e+00
9 	 4.873184e+00 	 5.084885e+00 	 1.000007e+00
9 	 4.869156e+00 	 5.287540e+00 	 1.000007e+00
