19 	 5.000000e+00 	 5.000000e+00 	 0.000000e+00
19 	 5.000000e+00 	 5.000000e+00 	 0.000000e+00
19 	 5.000000e+00 	 5.000000e+00 	 0.000000e+00
19 	 5.000000e+00 	 5.000000e+00 	 0.000000e+00
19 	 5.000000e+00 	 5.000000e+00 	 1.000142e-01
19 	 4.996322e+00 	 5.002399e+00 	 1.000142e-01
19 	 4.959189e+00 	 5.085162e+00 	 1.000142e-01
19 	 4.935649e+00 	 5.109291e+00 	 1.000142e-01
19 	 5.000000e+00 	 5.000000e+00 	 2.000110e-01
19 	 4.992598e+00 	 5.002689e+00 	 2.000110e-01
19 	 4.962288e+00 	 5.060465e+00 	 2.000110e-01
19 	 4.934101e+00 	 5.106717e+00 	 2.000110e-01
19 	 5.000000e+00 	 5.000000e+00 	 3.000077e-01
19 	 4.961016e+00 	 5.019161e+00 	 3.000077e-01
19 	 4.967409e+00 	 5.045509e+00 	 3.000077e-01
19 	 4.905675e+00 	 5.122945e+00 	 3.000077e-01
19 	 5.000000e+00 	 5.000000e+00 	 4.000045e-01
19 	 4.963005e+00 	 5.024645e+00 	 4.000045e-01
19 	 4.958914e+00 	 5.060772e+00 	 4.000045e-01
19 	 4.939305e+00 	 5.125738e+00 	 4.000045e-01
19 	 5.000000e+00 	 5.000000e+00 	 5.000013e-01
19 	 4.968179e+00 	 5.031082e+00 	 5.000013e-01
19 	 4.959495e+00 	 5.056602e+00 	 5.000013e-01
19 	 4.947601e+00 	 5.115156e+00 	 5.000013e-01
19 	 5.000000e+00 	 5.000000e+00 	 6.000155e-01
19 	 4.928583e+00 	 5.059872e+00 	 6.000155e-01
19 	 4.961925e+00 	 5.055839e+00 	 6.000155e-01
19 	 4.940819e+00 	 5.117062e+00 	 6.000155e-01
19 	 5.000000e+00 	 5.000000e+00 	 7.000123e-01
19 	 4.956967e+00 	 5.033512e+00 	 7.000123e-01
19 	 4.963729e+00 	 5.054188e+00 	 7.000123e-01
19 	 4.939261e+00 	 5.116627e+00 	 7.000123e-01
19 	 5.000000e+00 	 5.000000e+00 	 8.000090e-01
19 	 4.965558e+00 	 5.053269e+00 	 8.000090e-01
19 	 4.968107e+00 	 5.032638e+00 	 8.000090e-01
19 	 4.932368e+00 	 5.116847e+00 	 8.000090e-01
19 	 5.000000e+00 	 5.000000e+00 	 9.000058e-01
19 	 4.958101e+00 	 5.033790e+00 	 9.000058e-01
19 	 4.965628e+00 	 5.054450e+00 	 9.000058e-01
19 	 4.944022e+00 	 5.114674e+00 	 9.000058e-01
19 	 5.000000e+00 	 5.000000e+00 	 1.000003e+00
19 	 4.964974e+00 	 5.036024e+00 	 1.000003e+00
19 	 4.966297e+00 	 5.053694e+00 	 1.000003e+00
19 	 4.943187e+00 	 5.115430e+00 	 1.000003e+00
