18 	 5.000000e+00 	 5.000000e+00 	 0.000000e+00
18 	 5.000000e+00 	 5.000000e+00 	 0.000000e+00
18 	 5.000000e+00 	 5.000000e+00 	 0.000000e+00
18 	 5.000000e+00 	 5.000000e+00 	 0.000000e+00
18 	 5.000000e+00 	 5.000000e+00 	 1.000162e-01
18 	 4.950715e+00 	 5.084685e+00 	 1.000162e-01
18 	 4.997758e+00 	 5.004793e+00 	 1.000162e-01
18 	 4.935919e+00 	 5.118649e+00 	 1.000162e-01
18 	 5.000000e+00 	 5.000000e+00 	 2.000131e-01
18 	 4.991530e+00 	 5.003072e+00 	 2.000131e-01
18 	 4.958727e+00 	 5.063799e+00 	 2.000131e-01
18 	 4.930554e+00 	 5.113451e+00 	 2.000131e-01
18 	 5.000000e+00 	 5.000000e+00 	 3.000099e-01
18 	 4.961469e+00 	 5.022382e+00 	 3.000099e-01
18 	 4.967760e+00 	 5.049852e+00 	 3.000099e-01
18 	 4.911204e+00 	 5.131623e+00 	 3.000099e-01
18 	 5.000000e+00 	 5.000000e+00 	 4.000067e-01
18 	 4.956175e+00 	 5.065185e+00 	 4.000067e-01
18 	 4.966649e+00 	 5.030151e+00 	 4.000067e-01
18 	 4.935508e+00 	 5.131627e+00 	 4.000067e-01
18 	 5.000000e+00 	 5.000000e+00 	 5.000035e-01
18 	 4.962093e+00 	 5.036134e+00 	 5.000035e-01
18 	 4.956875e+00 	 5.061462e+00 	 5.000035e-01
18 	 4.944118e+00 	 5.122722e+00 	 5.000035e-01
18 	 5.000000e+00 	 5.000000e+00 	 6.000004e-01
18 	 4.959917e+00 	 5.059430e+00 	 6.000004e-01
18 	 4.931132e+00 	 5.037196e+00 	 6.000004e-01
18 	 4.944914e+00 	 5.122738e+00 	 6.000004e-01
18 	 5.000000e+00 	 5.000000e+00 	 7.000166e-01
18 	 4.961484e+00 	 5.057493e+00 	 7.000166e-01
18 	 4.948175e+00 	 5.037072e+00 	 7.000166e-01
18 	 4.945663e+00 	 5.123018e+00 	 7.000166e-01
18 	 5.000000e+00 	 5.000000e+00 	 8.000134e-01
18 	 4.966523e+00 	 5.040944e+00 	 8.000134e-01
18 	 4.963117e+00 	 5.056533e+00 	 8.000134e-01
18 	 4.937358e+00 	 5.124225e+00 	 8.000134e-01
18 	 5.000000e+00 	 5.000000e+00 	 9.000103e-01
18 	 4.963482e+00 	 5.057143e+00 	 9.000103e-01
18 	 4.961426e+00 	 5.036015e+00 	 9.000103e-01
18 	 4.938737e+00 	 5.126675e+00 	 9.000103e-01
18 	 5.000000e+00 	 5.000000e+00 	 1.000007e+00
18 	 4.950315e+00 	 5.043982e+00 	 1.000007e+00
18 	 4.965463e+00 	 5.058025e+00 	 1.000007e+00
18 	 4.944412e+00 	 5.125324e+00 	 1.000007e+00
