14 	 5.000000e+00 	 5.000000e+00 	 0.000000e+00
14 	 5.000000e+00 	 5.000000e+00 	 0.000000e+00
14 	 5.000000e+00 	 5.000000e+00 	 0.000000e+00
14 	 5.000000e+00 	 5.000000e+00 	 0.000000e+00
14 	 5.000000e+00 	 5.000000e+00 	 1.000024e-01
14 	 4.976164e+00 	 5.000000e+00 	 1.000024e-01
14 	 4.899620e+00 	 5.110610e+00 	 1.000024e-01
14 	 4.901279e+00 	 5.160020e+00 	 1.000024e-01
14 	 5.000000e+00 	 5.000000e+00 	 2.000047e-01
14 	 4.944630e+00 	 5.089838e+00 	 2.000047e-01
14 	 4.991803e+00 	 5.008528e+00 	 2.000047e-01
14 	 4.909080e+00 	 5.159628e+00 	 2.000047e-01
14 	 5.000000e+00 	 5.000000e+00 	 3.000071e-01
14 	 4.972717e+00 	 5.023875e+00 	 3.000071e-01
14 	 4.959846e+00 	 5.068881e+00 	 3.000071e-01
14 	 4.908939e+00 	 5.178714e+00 	 3.000071e-01
14 	 5.000000e+00 	 5.000000e+00 	 4.000095e-01
14 	 4.945030e+00 	 5.091579e+00 	 4.000095e-01
14 	 4.938009e+00 	 5.042487e+00 	 4.000095e-01
14 	 4.908374e+00 	 5.182470e+00 	 4.000095e-01
14 	 5.000000e+00 	 5.000000e+00 	 5.000119e-01
14 	 4.943110e+00 	 5.087603e+00 	 5.000119e-01
14 	 4.943834e+00 	 5.044696e+00 	 5.000119e-01
14 	 4.917758e+00 	 5.179052e+00 	 5.000119e-01
14 	 5.000000e+00 	 5.000000e+00 	 6.000142e-01
14 	 4.946480e+00 	 5.084280e+00 	 6.000142e-01
14 	 4.934864e+00 	 5.053189e+00 	 6.000142e-01
14 	 4.920918e+00 	 5.175779e+00 	 6.000142e-01
14 	 5.000000e+00 	 5.000000e+00 	 7.000166e-01
14 	 4.949427e+00 	 5.078182e+00 	 7.000166e-01
14 	 4.921772e+00 	 5.053771e+00 	 7.000166e-01
14 	 4.921776e+00 	 5.175906e+00 	 7.000166e-01
14 	 5.000000e+00 	 5.000000e+00 	 8.000190e-01
14 	 4.951493e+00 	 5.077305e+00 	 8.000190e-01
14 	 4.937643e+00 	 5.047435e+00 	 8.000190e-01
14 	 4.924211e+00 	 5.174509e+00 	 8.000190e-01
14 	 5.000000e+00 	 5.000000e+00 	 9.000214e-01
14 	 4.951592e+00 	 5.078481e+00 	 9.000214e-01
14 	 4.946087e+00 	 5.044680e+00 	 9.000214e-01
14 	 4.924757e+00 	 5.173636e+00 	 9.000214e-01
14 	 5.000000e+00 	 5.000000e+00 	 1.000024e+00
14 	 4.951981e+00 	 5.079964e+00 	 1.000024e+00
14 	 4.945695e+00 	 5.043102e+00 	 1.000024e+00
14 	 4.925127e+00 	 5.172965e+00 	 1.000024e+00
