10 	 5.000000e+00 	 5.000000e+00 	 0.000000e+00
10 	 5.000000e+00 	 5.000000e+00 	 0.000000e+00
10 	 5.000000e+00 	 5.000000e+00 	 0.000000e+00
10 	 5.000000e+00 	 5.000000e+00 	 0.000000e+00
10 	 5.000000e+00 	 5.000000e+00 	 1.000473e-01
10 	 4.975533e+00 	 5.003144e+00 	 1.000473e-01
10 	 4.870136e+00 	 5.193489e+00 	 1.000473e-01
10 	 4.864817e+00 	 5.273497e+00 	 1.000473e-01
10 	 5.000000e+00 	 5.000000e+00 	 2.000317e-01
10 	 4.925581e+00 	 5.134678e+00 	 2.000317e-01
10 	 4.986787e+00 	 5.016301e+00 	 2.000317e-01
10 	 4.879317e+00 	 5.217443e+00 	 2.000317e-01
10 	 5.000000e+00 	 5.000000e+00 	 3.000161e-01
10 	 4.946307e+00 	 5.094949e+00 	 3.000161e-01
10 	 4.960285e+00 	 5.026827e+00 	 3.000161e-01
10 	 4.838895e+00 	 5.241158e+00 	 3.000161e-01
10 	 5.000000e+00 	 5.000000e+00 	 4.000005e-01
10 	 4.926939e+00 	 5.136681e+00 	 4.000005e-01
10 	 4.914993e+00 	 5.067631e+00 	 4.000005e-01
10 	 4.864470e+00 	 5.274488e+00 	 4.000005e-01
10 	 5.000000e+00 	 5.000000e+00 	 5.000478e-01
10 	 4.916221e+00 	 5.127806e+00 	 5.000478e-01
10 	 4.907603e+00 	 5.059134e+00 	 5.000478e-01
10 	 4.860553e+00 	 5.266415e+00 	 5.000478e-01
10 	 5.000000e+00 	 5.000000e+00 	 6.000322e-01
10 	 4.922393e+00 	 5.125375e+00 	 6.000322e-01
10 	 4.886326e+00 	 5.073054e+00 	 6.000322e-01
10 	 4.881293e+00 	 5.263570e+00 	 6.000322e-01
10 	 5.000000e+00 	 5.000000e+00 	 7.000166e-01
10 	 4.886789e+00 	 5.073995e+00 	 7.000166e-01
10 	 4.928516e+00 	 5.118461e+00 	 7.000166e-01
10 	 4.882502e+00 	 5.260756e+00 	 7.000166e-01
10 	 5.000000e+00 	 5.000000e+00 	 8.000010e-01
10 	 4.917415e+00 	 5.068721e+00 	 8.000010e-01
10 	 4.930679e+00 	 5.117574e+00 	 8.000010e-01
10 	 4.886313e+00 	 5.258151e+00 	 8.000010e-01
10 	 5.000000e+00 	 5.000000e+00 	 9.000483e-01
10 	 4.918671e+00 	 5.088434e+00 	 9.000483e-01
10 	 4.933429e+00 	 5.116780e+00 	 9.000483e-01
10 	 4.888606e+00 	 5.256198e+00 	 9.000483e-01
10 	 5.000000e+00 	 5.000000e+00 	 1.000033e+00
10 	 4.934249e+00 	 5.118275e+00 	 1.000033e+00
10 	 4.907357e+00 	 5.102065e+00 	 1.000033e+00
10 	 4.864360e+00 	 5.257751e+00 	 1.000033e+00
10 	 5.000000e+00 	 5.000000e+00 	 0.000000e+00
10 	 5.000000e+00 	 5.000000e+00 	 0.000000e+00
10 	 5.000000e+00 	 5.000000e+00 	 0.000000e+00
10 	 5.000000e+00 	 5.000000e+00 	 0.000000e+00
