17 	 5.000000e+00 	 5.000000e+00 	 0.000000e+00
17 	 5.000000e+00 	 5.000000e+00 	 0.000000e+00
17 	 5.000000e+00 	 5.000000e+00 	 0.000000e+00
17 	 5.000000e+00 	 5.000000e+00 	 0.000000e+00
17 	 5.000000e+00 	 5.000000e+00 	 1.000016e-01
17 	 4.937189e+00 	 5.092270e+00 	 1.000016e-01
17 	 4.993357e+00 	 5.009053e+00 	 1.000016e-01
17 	 4.934817e+00 	 5.131766e+00 	 1.000016e-01
17 	 5.000000e+00 	 5.000000e+00 	 2.000032e-01
17 	 4.994619e+00 	 5.006741e+00 	 2.000032e-01
17 	 4.957839e+00 	 5.069423e+00 	 2.000032e-01
17 	 4.918590e+00 	 5.125426e+00 	 2.000032e-01
17 	 5.000000e+00 	 5.000000e+00 	 3.000048e-01
17 	 4.965049e+00 	 5.020242e+00 	 3.000048e-01
17 	 4.964598e+00 	 5.053729e+00 	 3.000048e-01
17 	 4.916308e+00 	 5.141973e+00 	 3.000048e-01
17 	 5.000000e+00 	 5.000000e+00 	 4.000064e-01
17 	 4.959446e+00 	 5.025467e+00 	 4.000064e-01
17 	 4.954471e+00 	 5.070639e+00 	 4.000064e-01
17 	 4.930942e+00 	 5.141039e+00 	 4.000064e-01
17 	 5.000000e+00 	 5.000000e+00 	 5.000080e-01
17 	 4.954231e+00 	 5.066443e+00 	 5.000080e-01
17 	 4.955158e+00 	 5.044433e+00 	 5.000080e-01
17 	 4.937601e+00 	 5.135478e+00 	 5.000080e-01
17 	 5.000000e+00 	 5.000000e+00 	 6.000096e-01
17 	 4.956708e+00 	 5.063131e+00 	 6.000096e-01
17 	 4.930468e+00 	 5.032062e+00 	 6.000096e-01
17 	 4.938950e+00 	 5.134955e+00 	 6.000096e-01
17 	 5.000000e+00 	 5.000000e+00 	 7.000112e-01
17 	 4.932313e+00 	 5.042471e+00 	 7.000112e-01
17 	 4.958978e+00 	 5.062355e+00 	 7.000112e-01
17 	 4.940641e+00 	 5.134138e+00 	 7.000112e-01
17 	 5.000000e+00 	 5.000000e+00 	 8.000128e-01
17 	 4.950755e+00 	 5.053079e+00 	 8.000128e-01
17 	 4.960765e+00 	 5.061044e+00 	 8.000128e-01
17 	 4.939139e+00 	 5.134871e+00 	 8.000128e-01
17 	 5.000000e+00 	 5.000000e+00 	 9.000144e-01
17 	 4.953905e+00 	 5.045837e+00 	 9.000144e-01
17 	 4.960973e+00 	 5.062862e+00 	 9.000144e-01
17 	 4.941416e+00 	 5.135717e+00 	 9.000144e-01
17 	 5.000000e+00 	 5.000000e+00 	 1.000016e+00
17 	 4.961623e+00 	 5.035508e+00 	 1.000016e+00
17 	 4.962447e+00 	 5.063427e+00 	 1.000016e+00
17 	 4.933908e+00 	 5.131957e+00 	 1.000016e+00
