12 	 5.000000e+00 	 5.000000e+00 	 0.000000e+00
12 	 5.000000e+00 	 5.000000e+00 	 0.000000e+00
12 	 5.000000e+00 	 5.000000e+00 	 0.000000e+00
12 	 5.000000e+00 	 5.000000e+00 	 0.000000e+00
12 	 5.000000e+00 	 5.000000e+00 	 1.000211e-01
12 	 4.971440e+00 	 5.000000e+00 	 1.000211e-01
12 	 4.885831e+00 	 5.133461e+00 	 1.000211e-01
12 	 4.893621e+00 	 5.185906e+00 	 1.000211e-01
12 	 5.000000e+00 	 5.000000e+00 	 2.000422e-01
12 	 4.995559e+00 	 5.016019e+00 	 2.000422e-01
12 	 4.941163e+00 	 5.108917e+00 	 2.000422e-01
12 	 4.906367e+00 	 5.191671e+00 	 2.000422e-01
12 	 5.000000e+00 	 5.000000e+00 	 3.000196e-01
12 	 4.952759e+00 	 5.077790e+00 	 3.000196e-01
12 	 4.958395e+00 	 5.022502e+00 	 3.000196e-01
12 	 4.894937e+00 	 5.209859e+00 	 3.000196e-01
12 	 5.000000e+00 	 5.000000e+00 	 4.000407e-01
12 	 4.921516e+00 	 5.051996e+00 	 4.000407e-01
12 	 4.935048e+00 	 5.108853e+00 	 4.000407e-01
12 	 4.884155e+00 	 5.222283e+00 	 4.000407e-01
12 	 5.000000e+00 	 5.000000e+00 	 5.000181e-01
12 	 4.921266e+00 	 5.052158e+00 	 5.000181e-01
12 	 4.931512e+00 	 5.104433e+00 	 5.000181e-01
12 	 4.902054e+00 	 5.213995e+00 	 5.000181e-01
12 	 5.000000e+00 	 5.000000e+00 	 6.000392e-01
12 	 4.936576e+00 	 5.102122e+00 	 6.000392e-01
12 	 4.911682e+00 	 5.062017e+00 	 6.000392e-01
12 	 4.902277e+00 	 5.212223e+00 	 6.000392e-01
12 	 5.000000e+00 	 5.000000e+00 	 7.000166e-01
12 	 4.940129e+00 	 5.096751e+00 	 7.000166e-01
12 	 4.921515e+00 	 5.071533e+00 	 7.000166e-01
12 	 4.904590e+00 	 5.211228e+00 	 7.000166e-01
12 	 5.000000e+00 	 5.000000e+00 	 8.000377e-01
12 	 4.942358e+00 	 5.095356e+00 	 8.000377e-01
12 	 4.934145e+00 	 5.062121e+00 	 8.000377e-01
12 	 4.905177e+00 	 5.211070e+00 	 8.000377e-01
12 	 5.000000e+00 	 5.000000e+00 	 9.000151e-01
12 	 4.941330e+00 	 5.065902e+00 	 9.000151e-01
12 	 4.944230e+00 	 5.094438e+00 	 9.000151e-01
12 	 4.906852e+00 	 5.209181e+00 	 9.000151e-01
12 	 5.000000e+00 	 5.000000e+00 	 1.000036e+00
12 	 4.944866e+00 	 5.095258e+00 	 1.000036e+00
12 	 4.940237e+00 	 5.056646e+00 	 1.000036e+00
12 	 4.908876e+00 	 5.209203e+00 	 1.000036e+00
