13 	 5.000000e+00 	 5.000000e+00 	 0.000000e+00
13 	 5.000000e+00 	 5.000000e+00 	 0.000000e+00
13 	 5.000000e+00 	 5.000000e+00 	 0.000000e+00
13 	 5.000000e+00 	 5.000000e+00 	 0.000000e+00
13 	 5.000000e+00 	 5.000000e+00 	 1.000064e-01
13 	 4.963938e+00 	 5.000000e+00 	 1.000064e-01
13 	 4.893123e+00 	 5.117020e+00 	 1.000064e-01
13 	 4.870493e+00 	 5.152362e+00 	 1.000064e-01
13 	 5.000000e+00 	 5.000000e+00 	 2.000127e-01
13 	 4.989891e+00 	 5.007760e+00 	 2.000127e-01
13 	 4.945187e+00 	 5.099624e+00 	 2.000127e-01
13 	 4.893766e+00 	 5.166396e+00 	 2.000127e-01
13 	 5.000000e+00 	 5.000000e+00 	 3.000191e-01
13 	 4.969147e+00 	 5.016947e+00 	 3.000191e-01
13 	 4.957418e+00 	 5.074099e+00 	 3.000191e-01
13 	 4.899507e+00 	 5.194304e+00 	 3.000191e-01
13 	 5.000000e+00 	 5.000000e+00 	 4.000254e-01
13 	 4.931770e+00 	 5.039069e+00 	 4.000254e-01
13 	 4.939170e+00 	 5.098744e+00 	 4.000254e-01
13 	 4.898485e+00 	 5.199058e+00 	 4.000254e-01
13 	 5.000000e+00 	 5.000000e+00 	 5.000318e-01
13 	 4.943827e+00 	 5.050706e+00 	 5.000318e-01
13 	 4.938223e+00 	 5.095834e+00 	 5.000318e-01
13 	 4.910000e+00 	 5.195038e+00 	 5.000318e-01
13 	 5.000000e+00 	 5.000000e+00 	 6.000009e-01
13 	 4.931934e+00 	 5.060074e+00 	 6.000009e-01
13 	 4.942162e+00 	 5.092221e+00 	 6.000009e-01
13 	 4.897044e+00 	 5.190689e+00 	 6.000009e-01
13 	 5.000000e+00 	 5.000000e+00 	 7.000073e-01
13 	 4.933295e+00 	 5.068422e+00 	 7.000073e-01
13 	 4.945388e+00 	 5.086956e+00 	 7.000073e-01
13 	 4.915477e+00 	 5.190031e+00 	 7.000073e-01
13 	 5.000000e+00 	 5.000000e+00 	 8.000137e-01
13 	 4.938772e+00 	 5.060846e+00 	 8.000137e-01
13 	 4.946996e+00 	 5.085644e+00 	 8.000137e-01
13 	 4.915448e+00 	 5.189876e+00 	 8.000137e-01
13 	 5.000000e+00 	 5.000000e+00 	 9.000200e-01
13 	 4.945309e+00 	 5.052116e+00 	 9.000200e-01
13 	 4.948493e+00 	 5.085668e+00 	 9.000200e-01
13 	 4.913829e+00 	 5.190457e+00 	 9.000200e-01
13 	 5.000000e+00 	 5.000000e+00 	 1.000026e+00
13 	 4.935902e+00 	 5.066624e+00 	 1.000026e+00
13 	 4.949930e+00 	 5.087042e+00 	 1.000026e+00
13 	 4.919429e+00 	 5.188376e+00 	 1.000026e+00
