20 	 5.000000e+00 	 5.000000e+00 	 0.000000e+00
20 	 5.000000e+00 	 5.000000e+00 	 0.000000e+00
20 	 5.000000e+00 	 5.000000e+00 	 0.000000e+00
20 	 5.000000e+00 	 5.000000e+00 	 0.000000e+00
20 	 5.000000e+00 	 5.000000e+00 	 1.000001e-01
20 	 4.959636e+00 	 5.082517e+00 	 1.000001e-01
20 	 4.996917e+00 	 5.004447e+00 	 1.000001e-01
20 	 4.941491e+00 	 5.112476e+00 	 1.000001e-01
20 	 5.000000e+00 	 5.000000e+00 	 2.000003e-01
20 	 4.967055e+00 	 5.057671e+00 	 2.000003e-01
20 	 4.994741e+00 	 5.003805e+00 	 2.000003e-01
20 	 4.934150e+00 	 5.100553e+00 	 2.000003e-01
20 	 5.000000e+00 	 5.000000e+00 	 3.000004e-01
20 	 4.968042e+00 	 5.043102e+00 	 3.000004e-01
20 	 4.967941e+00 	 5.022102e+00 	 3.000004e-01
20 	 4.935909e+00 	 5.115380e+00 	 3.000004e-01
20 	 5.000000e+00 	 5.000000e+00 	 4.000005e-01
20 	 4.960896e+00 	 5.056864e+00 	 4.000005e-01
20 	 4.964734e+00 	 5.026255e+00 	 4.000005e-01
20 	 4.944966e+00 	 5.116124e+00 	 4.000005e-01
20 	 5.000000e+00 	 5.000000e+00 	 5.000006e-01
20 	 4.962305e+00 	 5.052554e+00 	 5.000006e-01
20 	 4.954557e+00 	 5.030736e+00 	 5.000006e-01
20 	 4.941992e+00 	 5.108918e+00 	 5.000006e-01
20 	 5.000000e+00 	 5.000000e+00 	 6.000008e-01
20 	 4.964599e+00 	 5.051328e+00 	 6.000008e-01
20 	 4.967391e+00 	 5.049420e+00 	 6.000008e-01
20 	 4.944687e+00 	 5.107113e+00 	 6.000008e-01
20 	 5.000000e+00 	 5.000000e+00 	 7.000009e-01
20 	 4.965779e+00 	 5.049785e+00 	 7.000009e-01
20 	 4.969008e+00 	 5.038772e+00 	 7.000009e-01
20 	 4.937690e+00 	 5.106971e+00 	 7.000009e-01
20 	 5.000000e+00 	 5.000000e+00 	 8.000010e-01
20 	 4.962110e+00 	 5.030197e+00 	 8.000010e-01
20 	 4.967223e+00 	 5.049140e+00 	 8.000010e-01
20 	 4.948111e+00 	 5.106808e+00 	 8.000010e-01
20 	 5.000000e+00 	 5.000000e+00 	 9.000011e-01
20 	 4.968832e+00 	 5.030377e+00 	 9.000011e-01
20 	 4.967599e+00 	 5.050064e+00 	 9.000011e-01
20 	 4.945752e+00 	 5.106062e+00 	 9.000011e-01
20 	 5.000000e+00 	 5.000000e+00 	 1.000001e+00
20 	 4.967939e+00 	 5.050143e+00 	 1.000001e+00
20 	 4.960773e+00 	 5.031497e+00 	 1.000001e+00
20 	 4.932367e+00 	 5.104393e+00 	 1.000001e+00
