15 	 5.000000e+00 	 5.000000e+00 	 0.000000e+00
15 	 5.000000e+00 	 5.000000e+00 	 0.000000e+00
15 	 5.000000e+00 	 5.000000e+00 	 0.000000e+00
15 	 5.000000e+00 	 5.000000e+00 	 0.000000e+00
15 	 5.000000e+00 	 5.000000e+00 	 1.000054e-01
15 	 4.974067e+00 	 5.000000e+00 	 1.000054e-01
15 	 4.911281e+00 	 5.104463e+00 	 1.000054e-01
15 	 4.909838e+00 	 5.149512e+00 	 1.000054e-01
15 	 5.000000e+00 	 5.000000e+00 	 2.000107e-01
15 	 4.993888e+00 	 5.012747e+00 	 2.000107e-01
15 	 4.949397e+00 	 5.080557e+00 	 2.000107e-01
15 	 4.911125e+00 	 5.143435e+00 	 2.000107e-01
15 	 5.000000e+00 	 5.000000e+00 	 3.000161e-01
15 	 4.959836e+00 	 5.061471e+00 	 3.000161e-01
15 	 4.962821e+00 	 5.017721e+00 	 3.000161e-01
15 	 4.914669e+00 	 5.164763e+00 	 3.000161e-01
15 	 5.000000e+00 	 5.000000e+00 	 4.000215e-01
15 	 4.947875e+00 	 5.034473e+00 	 4.000215e-01
15 	 4.946170e+00 	 5.082770e+00 	 4.000215e-01
15 	 4.916838e+00 	 5.168956e+00 	 4.000215e-01
15 	 5.000000e+00 	 5.000000e+00 	 5.000268e-01
15 	 4.944271e+00 	 5.036683e+00 	 5.000268e-01
15 	 4.947155e+00 	 5.079238e+00 	 5.000268e-01
15 	 4.923133e+00 	 5.162583e+00 	 5.000268e-01
15 	 5.000000e+00 	 5.000000e+00 	 6.000043e-01
15 	 4.932060e+00 	 5.041765e+00 	 6.000043e-01
15 	 4.950133e+00 	 5.076487e+00 	 6.000043e-01
15 	 4.927858e+00 	 5.160148e+00 	 6.000043e-01
15 	 5.000000e+00 	 5.000000e+00 	 7.000096e-01
15 	 4.932881e+00 	 5.051543e+00 	 7.000096e-01
15 	 4.953319e+00 	 5.072356e+00 	 7.000096e-01
15 	 4.908160e+00 	 5.158289e+00 	 7.000096e-01
15 	 5.000000e+00 	 5.000000e+00 	 8.000150e-01
15 	 4.954565e+00 	 5.054283e+00 	 8.000150e-01
15 	 4.955483e+00 	 5.070952e+00 	 8.000150e-01
15 	 4.930332e+00 	 5.158953e+00 	 8.000150e-01
15 	 5.000000e+00 	 5.000000e+00 	 9.000204e-01
15 	 4.959326e+00 	 5.048235e+00 	 9.000204e-01
15 	 4.954901e+00 	 5.072566e+00 	 9.000204e-01
15 	 4.930737e+00 	 5.156378e+00 	 9.000204e-01
15 	 5.000000e+00 	 5.000000e+00 	 1.000026e+00
15 	 4.948989e+00 	 5.040540e+00 	 1.000026e+00
15 	 4.958091e+00 	 5.073009e+00 	 1.000026e+00
15 	 4.931778e+00 	 5.156797e+00 	 1.000026e+00
