11 	 5.000000e+00 	 5.000000e+00 	 0.000000e+00
11 	 5.000000e+00 	 5.000000e+00 	 0.000000e+00
11 	 5.000000e+00 	 5.000000e+00 	 0.000000e+00
11 	 5.000000e+00 	 5.000000e+00 	 0.000000e+00
11 	 5.000000e+00 	 5.000000e+00 	 1.000005e-01
11 	 4.988443e+00 	 5.017355e+00 	 1.000005e-01
11 	 4.847686e+00 	 5.199767e+00 	 1.000005e-01
11 	 4.862555e+00 	 5.144463e+00 	 1.000005e-01
11 	 5.000000e+00 	 5.000000e+00 	 2.000010e-01
11 	 4.933082e+00 	 5.122398e+00 	 2.000010e-01
11 	 4.990749e+00 	 5.016813e+00 	 2.000010e-01
11 	 4.896410e+00 	 5.203384e+00 	 2.000010e-01
11 	 5.000000e+00 	 5.000000e+00 	 3.000015e-01
11 	 4.951861e+00 	 5.023475e+00 	 3.000015e-01
11 	 4.951143e+00 	 5.086071e+00 	 3.000015e-01
11 	 4.880454e+00 	 5.222692e+00 	 3.000015e-01
11 	 5.000000e+00 	 5.000000e+00 	 4.000021e-01
11 	 4.928587e+00 	 5.053543e+00 	 4.000021e-01
11 	 4.932560e+00 	 5.121843e+00 	 4.000021e-01
11 	 4.880270e+00 	 5.248456e+00 	 4.000021e-01
11 	 5.000000e+00 	 5.000000e+00 	 5.000026e-01
11 	 4.897178e+00 	 5.056058e+00 	 5.000026e-01
11 	 4.925069e+00 	 5.115136e+00 	 5.000026e-01
11 	 4.888833e+00 	 5.236796e+00 	 5.000026e-01
11 	 5.000000e+00 	 5.000000e+00 	 6.000031e-01
11 	 4.903248e+00 	 5.066262e+00 	 6.000031e-01
11 	 4.931708e+00 	 5.113443e+00 	 6.000031e-01
11 	 4.892347e+00 	 5.231442e+00 	 6.000031e-01
11 	 5.000000e+00 	 5.000000e+00 	 7.000036e-01
11 	 4.915137e+00 	 5.087214e+00 	 7.000036e-01
11 	 4.935159e+00 	 5.105989e+00 	 7.000036e-01
11 	 4.893374e+00 	 5.234387e+00 	 7.000036e-01
11 	 5.000000e+00 	 5.000000e+00 	 8.000041e-01
11 	 4.927797e+00 	 5.069149e+00 	 8.000041e-01
11 	 4.936956e+00 	 5.104717e+00 	 8.000041e-01
11 	 4.893584e+00 	 5.236310e+00 	 8.000041e-01
11 	 5.000000e+00 	 5.000000e+00 	 9.000046e-01
11 	 4.939316e+00 	 5.071266e+00 	 9.000046e-01
11 	 4.939545e+00 	 5.104575e+00 	 9.000046e-01
11 	 4.896723e+00 	 5.232207e+00 	 9.000046e-01
11 	 5.000000e+00 	 5.000000e+00 	 1.000005e+00
11 	 4.898819e+00 	 5.078309e+00 	 1.000005e+00
11 	 4.940363e+00 	 5.105699e+00 	 1.000005e+00
11 	 4.897630e+00 	 5.230668e+00 	 1.000005e+00
