16 	 5.000000e+00 	 5.000000e+00 	 0.000000e+00
16 	 5.000000e+00 	 5.000000e+00 	 0.000000e+00
16 	 5.000000e+00 	 5.000000e+00 	 0.000000e+00
16 	 5.000000e+00 	 5.000000e+00 	 0.000000e+00
16 	 5.000000e+00 	 5.000000e+00 	 1.000129e-01
16 	 4.982244e+00 	 5.007202e+00 	 1.000129e-01
16 	 4.914101e+00 	 5.097192e+00 	 1.000129e-01
16 	 4.899657e+00 	 5.134676e+00 	 1.000129e-01
16 	 5.000000e+00 	 5.000000e+00 	 2.000012e-01
16 	 4.995319e+00 	 5.012100e+00 	 2.000012e-01
16 	 4.955481e+00 	 5.075669e+00 	 2.000012e-01
16 	 4.899603e+00 	 5.130192e+00 	 2.000012e-01
16 	 5.000000e+00 	 5.000000e+00 	 3.000141e-01
16 	 4.959143e+00 	 5.016286e+00 	 3.000141e-01
16 	 4.961129e+00 	 5.057211e+00 	 3.000141e-01
16 	 4.919032e+00 	 5.152242e+00 	 3.000141e-01
16 	 5.000000e+00 	 5.000000e+00 	 4.000025e-01
16 	 4.950718e+00 	 5.033763e+00 	 4.000025e-01
16 	 4.950759e+00 	 5.075903e+00 	 4.000025e-01
16 	 4.924856e+00 	 5.152994e+00 	 4.000025e-01
16 	 5.000000e+00 	 5.000000e+00 	 5.000154e-01
16 	 4.948401e+00 	 5.052958e+00 	 5.000154e-01
16 	 4.950783e+00 	 5.072081e+00 	 5.000154e-01
16 	 4.932912e+00 	 5.148120e+00 	 5.000154e-01
16 	 5.000000e+00 	 5.000000e+00 	 6.000037e-01
16 	 4.953807e+00 	 5.071142e+00 	 6.000037e-01
16 	 4.923927e+00 	 5.037820e+00 	 6.000037e-01
16 	 4.928708e+00 	 5.144580e+00 	 6.000037e-01
16 	 5.000000e+00 	 5.000000e+00 	 7.000166e-01
16 	 4.955949e+00 	 5.067772e+00 	 7.000166e-01
16 	 4.951823e+00 	 5.042699e+00 	 7.000166e-01
16 	 4.935184e+00 	 5.145434e+00 	 7.000166e-01
16 	 5.000000e+00 	 5.000000e+00 	 8.000049e-01
16 	 4.953775e+00 	 5.047876e+00 	 8.000049e-01
16 	 4.957676e+00 	 5.065513e+00 	 8.000049e-01
16 	 4.933646e+00 	 5.143711e+00 	 8.000049e-01
16 	 5.000000e+00 	 5.000000e+00 	 9.000178e-01
16 	 4.960574e+00 	 5.036917e+00 	 9.000178e-01
16 	 4.935725e+00 	 5.146613e+00 	 9.000178e-01
16 	 4.958356e+00 	 5.066528e+00 	 9.000178e-01
16 	 5.000000e+00 	 5.000000e+00 	 1.000006e+00
16 	 4.959306e+00 	 5.066740e+00 	 1.000006e+00
16 	 4.935683e+00 	 5.049363e+00 	 1.000006e+00
16 	 4.938556e+00 	 5.142985e+00 	 1.000006e+00
